Time	Altitude	Temp.	Voltage
0.00	0	58.7F	9.6
0.05	1	58.7F	9.6
0.10	0	58.7F	9.6
0.15	1	58.7F	9.6
0.20	2	58.7F	9.6
0.25	-15	58.7F	9.6
0.30	6	58.7F	9.6
0.35	4	58.7F	9.6
0.40	4	58.7F	9.6
0.45	1	58.7F	9.6
0.50	9	58.7F	9.6
0.55	12	58.7F	9.6
0.60	14	58.7F	9.6
0.65	18	58.7F	9.6
0.70	24	58.7F	9.6
0.75	31	58.7F	9.6
0.80	37	58.7F	9.6
0.85	46	58.7F	9.6
0.90	53	58.7F	9.6
0.95	62	58.7F	9.6
1.00	71	58.7F	9.6
1.05	80	58.7F	9.6
1.10	88	58.7F	9.6
1.15	99	58.7F	9.6
1.20	113	58.7F	9.6
1.25	124	58.7F	9.6
1.30	137	58.7F	9.6
1.35	151	58.7F	9.6
1.40	167	58.7F	9.6
1.45	180	58.7F	9.6
1.50	195	58.7F	9.6
1.55	210	58.7F	9.6
1.60	226	58.7F	9.6
1.65	245	58.7F	9.6
1.70	260	58.7F	9.6
1.75	278	58.7F	9.6
1.80	299	58.7F	9.6
1.85	321	58.7F	9.6
1.90	336	58.7F	9.6
1.95	362	58.7F	9.6
2.00	380	58.7F	9.6
2.05	399	58.7F	9.6
2.10	422	58.7F	9.6
2.15	437	58.7F	9.6
2.20	337	58.7F	9.6
2.25	360	58.7F	9.6
2.30	375	58.7F	9.6
2.35	407	58.7F	9.6
2.40	391	58.7F	9.6
2.45	447	58.7F	9.6
2.50	230	58.7F	9.6
2.55	241	58.8F	9.6
2.60	579	58.9F	9.6
2.65	564	59.2F	9.6
2.70	517	59.4F	9.6
2.75	530	59.6F	9.6
2.80	505	59.8F	9.6
2.85	491	59.9F	9.6
2.90	523	60.1F	9.6
2.95	566	60.2F	9.6
3.00	551	60.4F	9.6
3.05	575	60.5F	9.6
3.10	574	60.6F	9.6
3.15	614	60.6F	9.6
3.20	621	60.7F	9.6
3.25	637	60.7F	9.6
3.30	655	60.7F	9.6
3.35	677	60.7F	9.6
3.40	688	60.8F	9.6
3.45	713	60.7F	9.6
3.50	726	60.7F	9.6
3.55	733	60.7F	9.6
3.60	742	60.7F	9.6
3.65	762	60.7F	9.6
3.70	780	60.7F	9.6
3.75	784	60.6F	9.6
3.80	795	60.6F	9.6
3.85	830	60.6F	9.6
3.90	823	60.6F	9.6
3.95	844	60.5F	9.6
4.00	852	60.5F	9.6
4.05	870	60.5F	9.6
4.10	904	60.4F	9.6
4.15	891	60.4F	9.6
4.20	914	60.4F	9.6
4.25	931	60.4F	9.6
4.30	935	60.4F	9.6
4.35	945	60.3F	9.6
4.40	953	60.3F	9.6
4.45	970	60.3F	9.6
4.50	987	60.2F	9.6
4.55	996	60.2F	9.6
4.60	1007	60.2F	9.6
4.65	1018	60.2F	9.6
4.70	1023	60.2F	9.6
4.75	1043	60.2F	9.6
4.80	1047	60.1F	9.6
4.85	1058	60.1F	9.6
4.90	1062	60.1F	9.6
4.95	1079	60.1F	9.6
5.00	1097	60.1F	9.6
5.05	1093	60.1F	9.6
5.10	1114	60.0F	9.6
5.15	1113	60.0F	9.6
5.20	1131	60.0F	9.6
5.25	1134	60.0F	9.6
5.30	1152	60.0F	9.6
5.35	1157	60.0F	9.6
5.40	1162	60.0F	9.6
5.45	1171	60.0F	9.6
5.50	1178	60.0F	9.6
5.55	1187	59.9F	9.6
5.60	1202	59.9F	9.6
5.65	1208	59.9F	9.6
5.70	1218	59.9F	9.6
5.75	1223	59.9F	9.6
5.80	1228	59.9F	9.6
5.85	1235	59.9F	9.6
5.90	1248	59.9F	9.6
5.95	1257	59.9F	9.6
6.00	1268	59.9F	9.6
6.05	1270	59.9F	9.6
6.10	1275	59.9F	9.6
6.15	1282	59.9F	9.6
6.20	1288	59.9F	9.6
6.25	1291	59.9F	9.6
6.30	1301	59.9F	9.6
6.35	1308	59.9F	9.6
6.40	1316	59.9F	9.6
6.45	1325	59.8F	9.6
6.50	1326	59.8F	9.6
6.55	1332	59.8F	9.6
6.60	1344	59.9F	9.6
6.65	1347	59.8F	9.6
6.70	1358	59.8F	9.6
6.75	1365	59.8F	9.6
6.80	1368	59.8F	9.6
6.85	1372	59.8F	9.6
6.90	1374	59.8F	9.6
6.95	1382	59.8F	9.6
7.00	1389	59.8F	9.6
7.05	1389	59.8F	9.6
7.10	1394	59.8F	9.6
7.15	1398	59.8F	9.6
7.20	1401	59.8F	9.6
7.25	1405	59.8F	9.6
7.30	1413	59.8F	9.6
7.35	1416	59.8F	9.6
7.40	1422	59.8F	9.6
7.45	1423	59.8F	9.6
7.50	1430	59.8F	9.6
7.55	1434	59.8F	9.6
7.60	1442	59.8F	9.6
7.65	1443	59.8F	9.6
7.70	1446	59.8F	9.6
7.75	1451	59.8F	9.6
7.80	1457	59.8F	9.6
7.85	1459	59.8F	9.6
7.90	1460	59.8F	9.6
7.95	1465	59.8F	9.6
8.00	1468	59.8F	9.6
8.05	1470	59.8F	9.6
8.10	1472	59.8F	9.6
8.15	1476	59.8F	9.6
8.20	1480	59.8F	9.6
8.25	1481	59.8F	9.6
8.30	1485	59.8F	9.6
8.35	1490	59.8F	9.6
8.40	1492	59.8F	9.6
8.45	1491	59.8F	9.6
8.50	1495	59.8F	9.6
8.55	1498	59.8F	9.6
8.60	1499	59.8F	9.6
8.65	1501	59.8F	9.6
8.70	1503	59.8F	9.6
8.75	1508	59.8F	9.6
8.80	1506	59.8F	9.6
8.85	1508	59.8F	9.6
8.90	1511	59.8F	9.6
8.95	1511	59.8F	9.6
9.00	1514	59.8F	9.6
9.05	1516	59.8F	9.6
9.10	1516	59.8F	9.6
9.15	1516	59.9F	9.6
9.20	1520	59.8F	9.6
9.25	1520	59.9F	9.6
9.30	1520	59.8F	9.6
9.35	1521	59.9F	9.6
9.40	1522	59.9F	9.6
9.45	1523	59.9F	9.6
9.50	1523	59.9F	9.6
9.55	1525	59.9F	9.6
9.60	1525	59.9F	9.6
9.65	1525	59.9F	9.6
9.70	1525	59.9F	9.6
9.75	788	59.8F	9.4
9.80	1530	59.9F	9.4
9.85	1527	59.9F	9.5
9.90	1522	59.9F	9.5
9.95	1522	59.9F	9.5
10.00	1527	59.9F	9.5
10.05	1527	59.9F	9.6
10.10	1526	59.9F	9.6
10.15	1525	59.9F	9.6
10.20	1524	59.9F	9.6
10.25	1523	59.9F	9.6
10.30	1522	59.9F	9.6
10.35	1520	59.9F	9.6
10.40	1519	59.9F	9.6
10.45	1520	59.9F	9.6
10.50	1522	59.9F	9.6
10.55	1521	59.9F	9.6
10.60	1516	59.9F	9.6
10.65	1522	59.9F	9.6
10.70	1523	59.9F	9.6
10.75	1527	59.9F	9.6
10.80	1524	59.9F	9.6
10.85	1526	59.9F	9.6
10.90	1525	59.9F	9.6
10.95	1518	59.9F	9.6
11.00	1509	59.9F	9.6
11.05	1501	59.9F	9.6
11.10	1507	59.9F	9.6
11.15	1507	59.9F	9.6
11.20	1504	59.9F	9.6
11.25	1502	59.9F	9.6
11.30	1502	59.9F	9.6
11.35	1497	59.9F	9.6
11.40	1498	59.9F	9.6
11.45	1496	59.9F	9.6
11.50	1494	59.9F	9.6
11.55	1494	59.9F	9.6
11.60	1492	59.9F	9.6
11.65	1491	59.9F	9.6
11.70	1493	59.9F	9.6
11.75	1491	59.9F	9.6
11.80	1490	59.9F	9.6
11.85	1489	59.9F	9.6
11.90	1491	59.9F	9.6
11.95	1489	59.9F	9.6
12.00	1484	59.9F	9.6
12.05	1483	59.9F	9.6
12.10	1481	59.9F	9.6
12.15	1482	59.9F	9.6
12.20	1482	59.9F	9.6
12.25	1479	59.9F	9.6
12.30	1477	59.9F	9.6
12.35	1477	59.9F	9.6
12.40	1477	59.9F	9.6
12.45	1476	59.9F	9.6
12.50	1474	59.9F	9.6
12.55	1474	59.9F	9.6
12.60	1475	59.9F	9.6
12.65	1472	59.9F	9.6
12.70	1471	59.9F	9.6
12.75	1471	59.9F	9.6
12.80	1470	59.9F	9.6
12.85	1468	59.9F	9.6
12.90	1466	59.9F	9.6
12.95	1465	59.9F	9.6
13.00	1464	59.9F	9.6
13.05	1466	59.9F	9.6
13.10	1462	59.9F	9.6
13.15	1463	59.9F	9.6
13.20	1461	59.9F	9.6
13.25	1457	60.0F	9.6
13.30	1459	59.9F	9.6
13.35	1461	60.0F	9.6
13.40	1459	59.9F	9.6
13.45	1457	59.9F	9.6
13.50	1456	60.0F	9.6
13.55	1455	60.0F	9.6
13.60	1450	60.0F	9.6
13.65	1451	60.0F	9.6
13.70	1451	60.0F	9.6
13.75	1451	60.0F	9.6
13.80	1448	60.0F	9.6
13.85	1447	60.0F	9.6
13.90	1447	60.0F	9.6
13.95	1444	60.0F	9.6
14.00	1443	60.0F	9.6
14.05	1441	60.0F	9.6
14.10	1439	60.0F	9.6
14.15	1441	60.0F	9.6
14.20	1439	59.9F	9.6
14.25	1436	60.0F	9.6
14.30	1437	60.0F	9.6
14.35	1435	60.0F	9.6
14.40	1435	60.0F	9.6
14.45	1437	60.0F	9.6
14.50	1438	60.0F	9.6
14.55	1433	60.0F	9.6
14.60	1430	60.0F	9.6
14.65	1429	60.0F	9.6
14.70	1426	60.0F	9.6
14.75	1425	60.0F	9.6
14.80	1425	60.0F	9.6
14.85	1423	60.0F	9.6
14.90	1423	60.0F	9.6
14.95	1422	60.0F	9.6
15.00	1422	60.0F	9.6
15.05	1421	60.0F	9.6
15.10	1419	60.0F	9.6
15.15	1416	60.0F	9.6
15.20	1414	60.0F	9.6
15.25	1414	60.0F	9.6
15.30	1411	60.0F	9.6
15.35	1411	60.0F	9.6
15.40	1410	60.0F	9.6
15.45	1411	60.0F	9.6
15.50	1408	60.0F	9.6
15.55	1408	60.0F	9.6
15.60	1407	60.0F	9.6
15.65	1407	60.0F	9.6
15.70	1405	60.0F	9.6
15.75	1405	60.0F	9.6
15.80	1401	60.0F	9.6
15.85	1402	60.0F	9.6
15.90	1401	60.0F	9.6
15.95	1399	60.0F	9.6
16.00	1398	60.0F	9.6
16.05	1397	60.0F	9.6
16.10	1396	60.0F	9.6
16.15	1395	60.0F	9.6
16.20	1393	60.0F	9.6
16.25	1392	60.0F	9.6
16.30	1392	60.0F	9.6
16.35	1391	60.0F	9.6
16.40	1391	60.0F	9.6
16.45	1387	60.0F	9.6
16.50	1387	60.0F	9.6
16.55	1387	60.0F	9.6
16.60	1383	60.0F	9.6
16.65	1382	60.0F	9.6
16.70	1382	60.0F	9.6
16.75	1382	60.0F	9.6
16.80	1382	60.0F	9.6
16.85	1381	60.0F	9.6
16.90	1379	60.0F	9.6
16.95	1377	60.0F	9.6
17.00	1375	60.0F	9.6
17.05	1374	60.0F	9.6
17.10	1372	60.0F	9.6
17.15	1373	60.0F	9.6
17.20	1370	60.0F	9.6
17.25	1368	60.0F	9.6
17.30	1369	60.0F	9.6
17.35	1366	60.0F	9.6
17.40	1366	60.0F	9.6
17.45	1366	60.0F	9.6
17.50	1365	60.0F	9.6
17.55	1363	60.0F	9.6
17.60	1363	60.0F	9.6
17.65	1360	60.0F	9.6
17.70	1361	60.0F	9.6
17.75	1358	60.0F	9.6
17.80	1357	60.0F	9.6
17.85	1355	60.0F	9.6
17.90	1355	60.0F	9.6
17.95	1355	60.0F	9.6
18.00	1353	60.0F	9.6
18.05	1352	60.0F	9.6
18.10	1352	60.0F	9.6
18.15	1350	60.0F	9.6
18.20	1350	60.0F	9.6
18.25	1350	60.0F	9.6
18.30	1347	60.0F	9.6
18.35	1346	60.0F	9.6
18.40	1346	60.0F	9.6
18.45	1343	60.0F	9.6
18.50	1342	60.0F	9.6
18.55	1342	60.0F	9.6
18.60	1339	60.0F	9.6
18.65	1340	60.0F	9.6
18.70	1337	60.0F	9.6
18.75	1339	60.0F	9.6
18.80	1340	60.0F	9.6
18.85	1335	60.0F	9.6
18.90	1335	60.0F	9.6
18.95	1334	60.0F	9.6
19.00	1333	60.0F	9.6
19.05	1330	60.0F	9.6
19.10	1333	60.0F	9.6
19.15	1332	60.0F	9.6
19.20	1331	60.0F	9.6
19.25	1329	60.0F	9.6
19.30	1328	60.0F	9.6
19.35	1324	60.0F	9.6
19.40	1325	60.0F	9.6
19.45	1323	60.0F	9.6
19.50	1321	60.0F	9.6
19.55	1318	60.0F	9.6
19.60	1316	60.0F	9.6
19.65	1317	60.0F	9.6
19.70	1315	60.0F	9.6
19.75	1312	60.0F	9.6
19.80	1313	60.0F	9.6
19.85	1313	60.0F	9.6
19.90	1312	60.0F	9.6
19.95	1309	60.0F	9.6
20.00	1309	60.0F	9.6
20.05	1308	60.0F	9.6
20.10	1305	60.0F	9.6
20.15	1303	60.0F	9.6
20.20	1303	60.0F	9.6
20.25	1302	60.0F	9.6
20.30	1302	60.0F	9.6
20.35	1300	60.0F	9.6
20.40	1300	60.0F	9.6
20.45	1301	60.0F	9.6
20.50	1300	60.0F	9.6
20.55	1298	60.0F	9.6
20.60	1296	60.0F	9.6
20.65	1296	60.0F	9.6
20.70	1294	60.0F	9.6
20.75	1292	60.0F	9.6
20.80	1294	60.0F	9.6
20.85	1292	60.0F	9.6
20.90	1290	60.0F	9.6
20.95	1289	60.0F	9.6
21.00	1287	60.0F	9.6
21.05	1285	60.0F	9.6
21.10	1287	60.0F	9.6
21.15	1286	60.0F	9.6
21.20	1283	60.0F	9.6
21.25	1283	60.0F	9.6
21.30	1281	60.0F	9.6
21.35	1280	60.0F	9.6
21.40	1278	60.0F	9.6
21.45	1275	60.0F	9.6
21.50	1276	60.0F	9.6
21.55	1275	60.0F	9.6
21.60	1272	60.0F	9.6
21.65	1274	60.0F	9.6
21.70	1273	60.0F	9.6
21.75	1271	60.0F	9.6
21.80	1270	60.0F	9.6
21.85	1267	60.0F	9.6
21.90	1267	60.0F	9.6
21.95	1266	60.0F	9.6
22.00	1265	60.0F	9.6
22.05	1264	60.0F	9.6
22.10	1262	60.0F	9.6
22.15	1260	60.0F	9.6
22.20	1258	60.0F	9.6
22.25	1260	60.0F	9.6
22.30	1259	60.0F	9.6
22.35	1258	60.0F	9.6
22.40	1256	60.0F	9.6
22.45	1257	60.0F	9.6
22.50	1255	60.0F	9.6
22.55	1252	60.0F	9.6
22.60	1252	60.0F	9.6
22.65	1251	60.0F	9.6
22.70	1249	60.0F	9.6
22.75	1247	60.0F	9.6
22.80	1246	60.0F	9.6
22.85	1246	60.0F	9.6
22.90	1248	60.0F	9.6
22.95	1246	60.0F	9.6
23.00	1245	60.0F	9.6
23.05	1244	60.0F	9.6
23.10	1242	60.0F	9.6
23.15	1241	60.0F	9.6
23.20	1240	60.0F	9.6
23.25	1239	60.0F	9.6
23.30	1238	60.0F	9.6
23.35	1237	60.0F	9.6
23.40	1235	60.0F	9.6
23.45	1237	60.0F	9.6
23.50	1235	60.0F	9.6
23.55	1232	60.0F	9.6
23.60	1230	60.0F	9.6
23.65	1229	60.0F	9.6
23.70	1229	60.0F	9.6
23.75	1227	60.0F	9.6
23.80	1225	60.0F	9.6
23.85	1224	60.0F	9.6
23.90	1223	60.0F	9.6
23.95	1221	60.0F	9.6
24.00	1221	60.0F	9.6
24.05	1219	60.0F	9.6
24.10	1220	60.0F	9.6
24.15	1217	60.0F	9.6
24.20	1216	60.0F	9.6
24.25	1217	60.0F	9.6
24.30	1214	60.0F	9.6
24.35	1214	60.0F	9.6
24.40	1212	60.0F	9.6
24.45	1210	60.0F	9.6
24.50	1209	60.0F	9.6
24.55	1208	60.0F	9.6
24.60	1207	60.0F	9.6
24.65	1207	60.0F	9.6
24.70	1205	60.0F	9.6
24.75	1203	60.0F	9.6
24.80	1203	60.0F	9.6
24.85	1201	60.0F	9.6
24.90	1200	60.0F	9.6
24.95	1199	60.0F	9.6
25.00	1197	60.0F	9.6
25.05	1197	60.0F	9.6
25.10	1195	60.0F	9.6
25.15	1193	60.0F	9.6
25.20	1194	60.0F	9.6
25.25	1191	60.0F	9.6
25.30	1191	60.0F	9.6
25.35	1189	60.0F	9.6
25.40	1187	60.0F	9.6
25.45	1187	60.0F	9.6
25.50	1185	60.0F	9.6
25.55	1183	60.0F	9.6
25.60	1183	60.0F	9.6
25.65	1184	60.0F	9.6
25.70	1182	60.0F	9.6
25.75	1182	60.0F	9.6
25.80	1182	60.0F	9.6
25.85	1180	60.0F	9.6
25.90	1178	60.0F	9.6
25.95	1177	60.0F	9.6
26.00	1177	60.0F	9.6
26.05	1175	60.0F	9.6
26.10	1175	60.0F	9.6
26.15	1171	60.0F	9.6
26.20	1172	60.0F	9.6
26.25	1169	60.0F	9.6
26.30	1169	60.0F	9.6
26.35	1168	60.0F	9.6
26.40	1168	60.0F	9.6
26.45	1167	60.0F	9.6
26.50	1165	60.0F	9.6
26.55	1165	60.0F	9.6
26.60	1165	60.0F	9.6
26.65	1164	60.0F	9.6
26.70	1164	60.0F	9.6
26.75	1162	60.0F	9.6
26.80	1160	60.0F	9.6
26.85	1158	60.0F	9.6
26.90	1157	60.0F	9.6
26.95	1157	60.0F	9.6
27.00	1156	60.0F	9.6
27.05	1154	60.0F	9.6
27.10	1152	60.0F	9.6
27.15	1150	60.0F	9.6
27.20	1149	60.0F	9.6
27.25	1150	60.0F	9.6
27.30	1147	60.0F	9.6
27.35	1148	60.0F	9.6
27.40	1146	60.0F	9.6
27.45	1146	60.0F	9.6
27.50	1143	60.0F	9.6
27.55	1143	60.0F	9.6
27.60	1141	60.0F	9.6
27.65	1141	60.0F	9.6
27.70	1139	60.0F	9.6
27.75	1137	60.0F	9.6
27.80	1137	60.0F	9.6
27.85	1135	60.0F	9.6
27.90	1133	60.0F	9.6
27.95	1134	60.0F	9.6
28.00	1133	60.0F	9.6
28.05	1133	60.0F	9.6
28.10	1132	60.0F	9.6
28.15	1130	60.0F	9.6
28.20	1128	60.0F	9.6
28.25	1126	60.0F	9.6
28.30	1126	60.0F	9.6
28.35	1125	60.0F	9.6
28.40	1125	60.0F	9.6
28.45	1122	60.0F	9.6
28.50	1122	60.0F	9.6
28.55	1120	60.0F	9.6
28.60	1120	60.0F	9.6
28.65	1119	60.0F	9.6
28.70	1118	60.0F	9.6
28.75	1115	60.0F	9.6
28.80	1114	60.0F	9.6
28.85	1114	60.0F	9.6
28.90	1112	60.0F	9.6
28.95	1111	60.0F	9.6
29.00	1110	60.0F	9.6
29.05	1108	60.0F	9.6
29.10	1106	60.0F	9.6
29.15	1106	60.0F	9.6
29.20	1106	60.0F	9.6
29.25	1106	60.0F	9.6
29.30	1106	60.0F	9.6
29.35	1103	60.0F	9.6
29.40	1101	60.0F	9.6
29.45	1102	60.0F	9.6
29.50	1099	60.0F	9.6
29.55	1098	60.0F	9.6
29.60	1098	60.0F	9.6
29.65	1098	60.0F	9.6
29.70	1096	60.0F	9.6
29.75	1095	60.0F	9.6
29.80	1093	60.0F	9.6
29.85	1091	60.0F	9.6
29.90	1091	60.0F	9.6
29.95	1091	60.0F	9.6
30.00	1088	60.0F	9.6
30.05	1089	60.0F	9.6
30.10	1088	60.0F	9.6
30.15	1087	60.0F	9.6
30.20	1085	60.0F	9.6
30.25	1085	60.0F	9.6
30.30	1084	60.0F	9.6
30.35	1083	60.0F	9.6
30.40	1080	60.0F	9.6
30.45	1080	60.0F	9.6
30.50	1079	60.0F	9.6
30.55	1078	60.0F	9.6
30.60	1077	60.0F	9.6
30.65	1076	60.0F	9.6
30.70	1075	60.0F	9.6
30.75	1073	60.0F	9.6
30.80	1073	60.0F	9.6
30.85	1071	60.0F	9.6
30.90	1071	60.0F	9.6
30.95	1069	60.0F	9.6
31.00	1068	60.0F	9.6
31.05	1067	60.0F	9.6
31.10	1065	60.1F	9.6
31.15	1067	60.0F	9.6
31.20	1065	60.0F	9.6
31.25	1063	60.0F	9.6
31.30	1062	60.0F	9.6
31.35	1061	60.0F	9.6
31.40	1061	60.0F	9.6
31.45	1059	60.0F	9.6
31.50	1059	60.0F	9.6
31.55	1057	60.0F	9.6
31.60	1055	60.0F	9.6
31.65	1055	60.0F	9.6
31.70	1054	60.0F	9.6
31.75	1052	60.0F	9.6
31.80	1052	60.0F	9.6
31.85	1049	60.0F	9.6
31.90	1048	60.0F	9.6
31.95	1046	60.0F	9.6
32.00	1045	60.0F	9.6
32.05	1042	60.0F	9.6
32.10	1044	60.0F	9.6
32.15	1042	60.0F	9.6
32.20	1041	60.0F	9.6
32.25	1040	60.0F	9.6
32.30	1041	60.0F	9.6
32.35	1038	60.0F	9.6
32.40	1037	60.0F	9.6
32.45	1036	60.0F	9.6
32.50	1035	60.0F	9.6
32.55	1035	60.0F	9.6
32.60	1032	60.1F	9.6
32.65	1032	60.0F	9.6
32.70	1032	60.0F	9.6
32.75	1030	60.0F	9.6
32.80	1029	60.0F	9.6
32.85	1029	60.0F	9.6
32.90	1027	60.0F	9.6
32.95	1025	60.0F	9.6
33.00	1024	60.0F	9.6
33.05	1023	60.0F	9.6
33.10	1022	60.0F	9.6
33.15	1020	60.0F	9.6
33.20	1020	60.0F	9.6
33.25	1017	60.0F	9.6
33.30	1017	60.0F	9.6
33.35	1016	60.0F	9.6
33.40	1015	60.0F	9.6
33.45	1013	60.0F	9.6
33.50	1013	60.0F	9.6
33.55	1013	60.0F	9.6
33.60	1010	60.0F	9.6
33.65	1009	60.0F	9.6
33.70	1007	60.0F	9.6
33.75	1007	60.0F	9.6
33.80	1004	60.0F	9.6
33.85	1001	60.0F	9.6
33.90	1003	60.0F	9.6
33.95	1002	60.0F	9.6
34.00	1001	60.0F	9.6
34.05	1000	60.0F	9.6
34.10	1000	60.0F	9.6
34.15	997	60.0F	9.6
34.20	994	60.0F	9.6
34.25	994	60.0F	9.6
34.30	996	60.0F	9.6
34.35	994	60.0F	9.6
34.40	991	60.0F	9.6
34.45	991	60.0F	9.6
34.50	991	60.0F	9.6
34.55	987	60.0F	9.6
34.60	985	60.0F	9.6
34.65	985	60.0F	9.6
34.70	985	60.0F	9.6
34.75	984	60.0F	9.6
34.80	983	60.0F	9.6
34.85	982	60.0F	9.6
34.90	982	60.0F	9.6
34.95	981	60.0F	9.6
35.00	980	60.0F	9.6
35.05	980	60.0F	9.6
35.10	979	60.0F	9.6
35.15	977	60.0F	9.6
35.20	976	60.0F	9.6
35.25	974	60.0F	9.6
35.30	973	60.0F	9.6
35.35	971	60.0F	9.6
35.40	968	60.0F	9.6
35.45	968	60.0F	9.6
35.50	968	60.0F	9.6
35.55	968	60.0F	9.6
35.60	965	60.0F	9.6
35.65	964	60.0F	9.6
35.70	964	60.0F	9.6
35.75	963	60.0F	9.6
35.80	961	60.0F	9.6
35.85	960	60.0F	9.6
35.90	960	60.0F	9.6
35.95	958	60.0F	9.6
36.00	957	60.0F	9.6
36.05	955	60.0F	9.6
36.10	955	60.0F	9.6
36.15	954	60.0F	9.6
36.20	953	60.0F	9.6
36.25	953	60.0F	9.6
36.30	951	60.0F	9.6
36.35	951	60.0F	9.6
36.40	949	60.0F	9.6
36.45	949	60.0F	9.6
36.50	947	60.0F	9.6
36.55	946	60.0F	9.6
36.60	947	60.0F	9.6
36.65	946	60.0F	9.6
36.70	943	60.0F	9.6
36.75	944	60.0F	9.6
36.80	943	60.0F	9.6
36.85	941	60.0F	9.6
36.90	939	60.0F	9.6
36.95	940	60.0F	9.6
37.00	940	60.0F	9.6
37.05	938	60.0F	9.6
37.10	934	60.0F	9.6
37.15	934	60.0F	9.6
37.20	932	60.0F	9.6
37.25	930	60.0F	9.6
37.30	929	60.0F	9.6
37.35	929	60.0F	9.6
37.40	927	60.0F	9.6
37.45	928	60.0F	9.6
37.50	926	60.0F	9.6
37.55	924	60.1F	9.6
37.60	925	60.0F	9.6
37.65	924	60.0F	9.6
37.70	923	60.0F	9.6
37.75	921	60.0F	9.6
37.80	919	60.1F	9.6
37.85	918	60.1F	9.6
37.90	916	60.0F	9.6
37.95	916	60.1F	9.6
38.00	916	60.0F	9.6
38.05	915	60.1F	9.6
38.10	911	60.1F	9.6
38.15	909	60.1F	9.6
38.20	910	60.1F	9.6
38.25	909	60.1F	9.6
38.30	909	60.1F	9.6
38.35	908	60.1F	9.6
38.40	907	60.1F	9.6
38.45	905	60.1F	9.6
38.50	905	60.0F	9.6
38.55	903	60.1F	9.6
38.60	900	60.1F	9.6
38.65	902	60.0F	9.6
38.70	900	60.1F	9.6
38.75	900	60.0F	9.6
38.80	899	60.0F	9.6
38.85	896	60.0F	9.6
38.90	896	60.0F	9.6
38.95	894	60.0F	9.6
39.00	894	60.0F	9.6
39.05	893	60.0F	9.6
39.10	892	60.1F	9.6
39.15	891	60.1F	9.6
39.20	889	60.0F	9.6
39.25	889	60.0F	9.6
39.30	888	60.0F	9.6
39.35	886	60.1F	9.6
39.40	884	60.1F	9.6
39.45	885	60.0F	9.6
39.50	883	60.0F	9.6
39.55	882	60.0F	9.6
39.60	881	60.1F	9.6
39.65	881	60.0F	9.6
39.70	879	60.1F	9.6
39.75	876	60.1F	9.6
39.80	875	60.0F	9.6
39.85	871	60.1F	9.6
39.90	873	60.0F	9.6
39.95	874	60.1F	9.6
40.00	872	60.0F	9.6
40.05	871	60.1F	9.6
40.10	869	60.0F	9.6
40.15	868	60.1F	9.6
40.20	867	60.1F	9.6
40.25	866	60.1F	9.6
40.30	867	60.0F	9.6
40.35	864	60.1F	9.6
40.40	862	60.1F	9.6
40.45	860	60.1F	9.6
40.50	859	60.1F	9.6
40.55	857	60.1F	9.6
40.60	856	60.1F	9.6
40.65	857	60.1F	9.6
40.70	856	60.1F	9.6
40.75	854	60.1F	9.6
40.80	853	60.1F	9.6
40.85	852	60.1F	9.6
40.90	852	60.0F	9.6
40.95	851	60.0F	9.6
41.00	849	60.1F	9.6
41.05	847	60.1F	9.6
41.10	846	60.0F	9.6
41.15	847	60.0F	9.6
41.20	845	60.1F	9.6
41.25	843	60.1F	9.6
41.30	843	60.1F	9.6
41.35	842	60.0F	9.6
41.40	840	60.1F	9.6
41.45	839	60.0F	9.6
41.50	837	60.0F	9.6
41.55	835	60.1F	9.6
41.60	835	60.0F	9.6
41.65	834	60.1F	9.6
41.70	832	60.1F	9.6
41.75	832	60.1F	9.6
41.80	831	60.1F	9.6
41.85	830	60.1F	9.6
41.90	830	60.1F	9.6
41.95	828	60.1F	9.6
42.00	829	60.0F	9.6
42.05	826	60.1F	9.6
42.10	824	60.1F	9.6
42.15	823	60.1F	9.6
42.20	820	60.1F	9.6
42.25	820	60.0F	9.6
42.30	817	60.1F	9.6
42.35	815	60.1F	9.6
42.40	816	60.1F	9.6
42.45	813	60.1F	9.6
42.50	812	60.1F	9.6
42.55	811	60.1F	9.6
42.60	810	60.1F	9.6
42.65	808	60.1F	9.6
42.70	808	60.1F	9.6
42.75	806	60.1F	9.6
42.80	805	60.1F	9.6
42.85	804	60.1F	9.6
42.90	805	60.1F	9.6
42.95	805	60.1F	9.6
43.00	802	60.1F	9.6
43.05	800	60.1F	9.6
43.10	798	60.1F	9.6
43.15	798	60.1F	9.6
43.20	798	60.1F	9.6
43.25	798	60.1F	9.6
43.30	796	60.1F	9.6
43.35	794	60.1F	9.6
43.40	795	60.1F	9.6
43.45	792	60.1F	9.6
43.50	791	60.1F	9.6
43.55	789	60.1F	9.6
43.60	786	60.1F	9.6
43.65	785	60.1F	9.6
43.70	785	60.1F	9.6
43.75	782	60.1F	9.6
43.80	779	60.1F	9.6
43.85	778	60.1F	9.6
43.90	777	60.1F	9.6
43.95	777	60.1F	9.6
44.00	778	60.1F	9.6
44.05	775	60.1F	9.6
44.10	774	60.1F	9.6
44.15	774	60.1F	9.6
44.20	772	60.1F	9.6
44.25	772	60.1F	9.6
44.30	769	60.1F	9.6
44.35	769	60.1F	9.6
44.40	766	60.1F	9.6
44.45	766	60.1F	9.6
44.50	765	60.1F	9.6
44.55	764	60.1F	9.6
44.60	764	60.1F	9.6
44.65	763	60.1F	9.6
44.70	761	60.1F	9.6
44.75	762	60.1F	9.6
44.80	759	60.1F	9.6
44.85	759	60.1F	9.6
44.90	760	60.1F	9.6
44.95	758	60.1F	9.6
45.00	757	60.1F	9.6
45.05	755	60.1F	9.6
45.10	755	60.1F	9.6
45.15	752	60.1F	9.6
45.20	751	60.1F	9.6
45.25	751	60.1F	9.6
45.30	750	60.1F	9.6
45.35	748	60.1F	9.6
45.40	746	60.1F	9.6
45.45	743	60.1F	9.6
45.50	743	60.1F	9.6
45.55	741	60.1F	9.6
45.60	740	60.1F	9.6
45.65	739	60.1F	9.6
45.70	737	60.1F	9.6
45.75	738	60.1F	9.6
45.80	735	60.1F	9.6
45.85	733	60.1F	9.6
45.90	734	60.1F	9.6
45.95	732	60.1F	9.6
46.00	732	60.1F	9.6
46.05	730	60.1F	9.6
46.10	730	60.1F	9.6
46.15	729	60.1F	9.6
46.20	729	60.1F	9.6
46.25	728	60.1F	9.6
46.30	727	60.1F	9.6
46.35	726	60.1F	9.6
46.40	725	60.1F	9.6
46.45	724	60.1F	9.6
46.50	722	60.1F	9.6
46.55	720	60.1F	9.6
46.60	718	60.1F	9.6
46.65	717	60.1F	9.6
46.70	715	60.1F	9.6
46.75	715	60.1F	9.6
46.80	714	60.1F	9.6
46.85	712	60.1F	9.6
46.90	711	60.1F	9.6
46.95	711	60.1F	9.6
47.00	709	60.1F	9.6
47.05	708	60.1F	9.6
47.10	707	60.1F	9.6
47.15	706	60.1F	9.6
47.20	704	60.1F	9.6
47.25	704	60.1F	9.6
47.30	705	60.1F	9.6
47.35	703	60.1F	9.6
47.40	701	60.1F	9.6
47.45	699	60.1F	9.6
47.50	698	60.1F	9.6
47.55	697	60.1F	9.6
47.60	696	60.1F	9.6
47.65	695	60.1F	9.6
47.70	693	60.1F	9.6
47.75	693	60.1F	9.6
47.80	690	60.1F	9.6
47.85	690	60.1F	9.6
47.90	689	60.1F	9.6
47.95	688	60.1F	9.6
48.00	687	60.1F	9.6
48.05	687	60.1F	9.6
48.10	685	60.1F	9.6
48.15	686	60.1F	9.6
48.20	684	60.1F	9.6
48.25	683	60.1F	9.6
48.30	679	60.1F	9.6
48.35	677	60.1F	9.6
48.40	679	60.1F	9.6
48.45	677	60.1F	9.6
48.50	675	60.1F	9.6
48.55	675	60.1F	9.6
48.60	674	60.1F	9.6
48.65	675	60.1F	9.6
48.70	673	60.1F	9.6
48.75	672	60.1F	9.6
48.80	670	60.1F	9.6
48.85	668	60.1F	9.6
48.90	667	60.1F	9.6
48.95	667	60.1F	9.6
49.00	665	60.1F	9.6
49.05	662	60.1F	9.6
49.10	662	60.1F	9.6
49.15	661	60.1F	9.6
49.20	660	60.1F	9.6
49.25	660	60.1F	9.6
49.30	659	60.1F	9.6
49.35	657	60.1F	9.6
49.40	656	60.1F	9.6
49.45	656	60.1F	9.6
49.50	654	60.1F	9.6
49.55	652	60.1F	9.6
49.60	652	60.1F	9.6
49.65	650	60.1F	9.6
49.70	648	60.1F	9.6
49.75	647	60.1F	9.6
49.80	646	60.1F	9.6
49.85	645	60.1F	9.6
49.90	643	60.1F	9.6
49.95	643	60.1F	9.6
50.00	641	60.1F	9.6
50.05	641	60.1F	9.6
50.10	639	60.1F	9.6
50.15	639	60.1F	9.6
50.20	639	60.1F	9.6
50.25	638	60.1F	9.6
50.30	636	60.1F	9.6
50.35	634	60.1F	9.6
50.40	633	60.1F	9.6
50.45	634	60.1F	9.6
50.50	633	60.1F	9.6
50.55	631	60.1F	9.6
50.60	629	60.1F	9.6
50.65	629	60.1F	9.6
50.70	628	60.1F	9.6
50.75	625	60.1F	9.6
50.80	623	60.1F	9.6
50.85	622	60.1F	9.6
50.90	621	60.1F	9.6
50.95	619	60.1F	9.6
51.00	618	60.1F	9.6
51.05	618	60.1F	9.6
51.10	616	60.1F	9.6
51.15	614	60.1F	9.6
51.20	614	60.1F	9.6
51.25	612	60.1F	9.6
51.30	610	60.1F	9.6
51.35	610	60.1F	9.6
51.40	608	60.1F	9.6
51.45	607	60.1F	9.6
51.50	607	60.1F	9.6
51.55	605	60.1F	9.6
51.60	605	60.1F	9.6
51.65	604	60.1F	9.6
51.70	601	60.1F	9.6
51.75	602	60.1F	9.6
51.80	600	60.1F	9.6
51.85	598	60.1F	9.6
51.90	596	60.1F	9.6
51.95	596	60.1F	9.6
52.00	595	60.1F	9.6
52.05	592	60.1F	9.6
52.10	590	60.1F	9.6
52.15	589	60.1F	9.6
52.20	588	60.1F	9.6
52.25	587	60.1F	9.6
52.30	586	60.1F	9.6
52.35	585	60.1F	9.6
52.40	583	60.1F	9.6
52.45	582	60.1F	9.6
52.50	580	60.1F	9.6
52.55	579	60.1F	9.6
52.60	580	60.1F	9.6
52.65	579	60.1F	9.6
52.70	577	60.1F	9.6
52.75	575	60.1F	9.6
52.80	576	60.1F	9.6
52.85	574	60.1F	9.6
52.90	571	60.1F	9.6
52.95	571	60.1F	9.6
53.00	570	60.1F	9.6
53.05	568	60.1F	9.6
53.10	567	60.1F	9.6
53.15	566	60.1F	9.6
53.20	564	60.1F	9.6
53.25	566	60.1F	9.6
53.30	562	60.1F	9.6
53.35	561	60.1F	9.6
53.40	558	60.1F	9.6
53.45	559	60.1F	9.6
53.50	558	60.1F	9.6
53.55	556	60.1F	9.6
53.60	557	60.1F	9.6
53.65	555	60.1F	9.6
53.70	556	60.1F	9.6
53.75	553	60.1F	9.6
53.80	553	60.1F	9.6
53.85	551	60.1F	9.6
53.90	549	60.1F	9.6
53.95	548	60.1F	9.6
54.00	547	60.1F	9.6
54.05	547	60.1F	9.6
54.10	545	60.1F	9.6
54.15	543	60.1F	9.6
54.20	541	60.1F	9.6
54.25	540	60.1F	9.6
54.30	538	60.1F	9.6
54.35	536	60.1F	9.6
54.40	534	60.1F	9.6
54.45	535	60.1F	9.6
54.50	533	60.1F	9.6
54.55	531	60.1F	9.6
54.60	531	60.1F	9.6
54.65	529	60.1F	9.6
54.70	527	60.1F	9.6
54.75	525	60.1F	9.6
54.80	524	60.1F	9.6
54.85	523	60.1F	9.6
54.90	522	60.1F	9.6
54.95	521	60.1F	9.6
55.00	518	60.1F	9.6
55.05	517	60.1F	9.6
55.10	516	60.1F	9.6
55.15	514	60.1F	9.6
55.20	514	60.1F	9.6
55.25	513	60.1F	9.6
55.30	513	60.1F	9.6
55.35	511	60.1F	9.6
55.40	508	60.1F	9.6
55.45	508	60.1F	9.6
55.50	505	60.1F	9.6
55.55	504	60.1F	9.6
55.60	503	60.1F	9.6
55.65	501	60.1F	9.6
55.70	500	60.1F	9.6
55.75	498	60.1F	9.6
55.80	497	60.1F	9.6
55.85	497	60.1F	9.6
55.90	497	60.1F	9.6
55.95	498	60.1F	9.6
56.00	497	60.1F	9.6
56.05	496	60.1F	9.6
56.10	495	60.1F	9.6
56.15	492	60.1F	9.6
56.20	490	60.1F	9.6
56.25	488	60.1F	9.6
56.30	488	60.1F	9.6
56.35	486	60.1F	9.6
56.40	485	60.1F	9.6
56.45	485	60.1F	9.6
56.50	483	60.1F	9.6
56.55	482	60.1F	9.6
56.60	479	60.1F	9.6
56.65	478	60.1F	9.6
56.70	477	60.1F	9.6
56.75	476	60.1F	9.6
56.80	474	60.1F	9.6
56.85	473	60.1F	9.6
56.90	471	60.1F	9.6
56.95	472	60.1F	9.6
57.00	470	60.1F	9.6
57.05	470	60.1F	9.6
57.10	468	60.1F	9.6
57.15	467	60.1F	9.6
57.20	466	60.1F	9.6
57.25	463	60.1F	9.6
57.30	463	60.1F	9.6
57.35	462	60.1F	9.6
57.40	462	60.1F	9.6
57.45	459	60.1F	9.6
57.50	458	60.1F	9.6
57.55	455	60.1F	9.6
57.60	453	60.1F	9.6
57.65	453	60.1F	9.6
57.70	452	60.1F	9.6
57.75	451	60.1F	9.6
57.80	448	60.1F	9.6
57.85	448	60.1F	9.6
57.90	448	60.1F	9.6
57.95	446	60.1F	9.6
58.00	447	60.1F	9.6
58.05	443	60.1F	9.6
58.10	443	60.1F	9.6
58.15	442	60.1F	9.6
58.20	440	60.1F	9.6
58.25	438	60.1F	9.6
58.30	438	60.1F	9.6
58.35	436	60.1F	9.6
58.40	434	60.1F	9.6
58.45	434	60.1F	9.6
58.50	433	60.1F	9.6
58.55	431	60.1F	9.6
58.60	431	60.1F	9.6
58.65	429	60.1F	9.6
58.70	427	60.1F	9.6
58.75	429	60.1F	9.6
58.80	427	60.1F	9.6
58.85	428	60.1F	9.6
58.90	424	60.1F	9.6
58.95	424	60.1F	9.6
59.00	422	60.1F	9.6
59.05	419	60.1F	9.6
59.10	420	60.1F	9.6
59.15	417	60.1F	9.6
59.20	416	60.1F	9.6
59.25	415	60.1F	9.6
59.30	416	60.1F	9.6
59.35	414	60.1F	9.6
59.40	413	60.1F	9.6
59.45	411	60.1F	9.6
59.50	410	60.1F	9.6
59.55	408	60.1F	9.6
59.60	408	60.1F	9.6
59.65	407	60.1F	9.6
59.70	409	60.1F	9.6
59.75	407	60.1F	9.6
59.80	405	60.1F	9.6
59.85	404	60.1F	9.6
59.90	402	60.1F	9.6
59.95	400	60.1F	9.6
60.00	397	60.1F	9.6
60.05	396	60.1F	9.6
60.10	395	60.1F	9.6
60.15	394	60.1F	9.6
60.20	393	60.1F	9.6
60.25	389	60.1F	9.6
60.30	388	60.1F	9.6
60.35	387	60.1F	9.6
60.40	386	60.1F	9.6
60.45	387	60.1F	9.6
60.50	384	60.1F	9.6
60.55	383	60.1F	9.6
60.60	382	60.1F	9.6
60.65	380	60.1F	9.6
60.70	380	60.1F	9.6
60.75	378	60.1F	9.6
60.80	377	60.1F	9.6
60.85	377	60.1F	9.6
60.90	375	60.1F	9.6
60.95	373	60.2F	9.6
61.00	373	60.2F	9.6
61.05	372	60.2F	9.6
61.10	372	60.2F	9.6
61.15	369	60.1F	9.6
61.20	367	60.2F	9.6
61.25	368	60.2F	9.6
61.30	365	60.2F	9.6
61.35	364	60.2F	9.6
61.40	362	60.2F	9.6
61.45	361	60.1F	9.6
61.50	361	60.1F	9.6
61.55	359	60.1F	9.6
61.60	356	60.2F	9.6
61.65	355	60.2F	9.6
61.70	353	60.1F	9.6
61.75	354	60.1F	9.6
61.80	351	60.1F	9.6
61.85	351	60.1F	9.6
61.90	349	60.2F	9.6
61.95	348	60.1F	9.6
62.00	346	60.1F	9.6
62.05	344	60.2F	9.6
62.10	344	60.2F	9.6
62.15	341	60.2F	9.6
62.20	340	60.2F	9.6
62.25	339	60.2F	9.6
62.30	337	60.2F	9.6
62.35	335	60.1F	9.6
62.40	333	60.1F	9.6
62.45	332	60.1F	9.6
62.50	332	60.1F	9.6
62.55	330	60.2F	9.6
62.60	327	60.2F	9.6
62.65	327	60.1F	9.6
62.70	326	60.1F	9.6
62.75	324	60.2F	9.6
62.80	321	60.2F	9.6
62.85	319	60.2F	9.6
62.90	318	60.2F	9.6
62.95	316	60.2F	9.6
63.00	317	60.2F	9.6
63.05	314	60.2F	9.6
63.10	313	60.2F	9.6
63.15	312	60.2F	9.6
63.20	310	60.2F	9.6
63.25	310	60.2F	9.6
63.30	308	60.2F	9.6
63.35	305	60.2F	9.6
63.40	305	60.2F	9.6
63.45	303	60.2F	9.6
63.50	301	60.2F	9.6
63.55	301	60.2F	9.6
63.60	299	60.2F	9.6
63.65	297	60.2F	9.6
63.70	296	60.2F	9.6
63.75	294	60.2F	9.6
63.80	293	60.2F	9.6
63.85	292	60.2F	9.6
63.90	290	60.2F	9.6
63.95	289	60.2F	9.6
64.00	288	60.2F	9.6
64.05	285	60.2F	9.6
64.10	285	60.2F	9.6
64.15	283	60.2F	9.6
64.20	282	60.2F	9.6
64.25	281	60.2F	9.6
64.30	280	60.2F	9.6
64.35	278	60.2F	9.6
64.40	277	60.2F	9.6
64.45	276	60.2F	9.6
64.50	275	60.2F	9.6
64.55	274	60.2F	9.6
64.60	271	60.2F	9.6
64.65	270	60.2F	9.6
64.70	269	60.2F	9.6
64.75	268	60.2F	9.6
64.80	265	60.2F	9.6
64.85	264	60.2F	9.6
64.90	260	60.2F	9.6
64.95	260	60.2F	9.6
65.00	257	60.2F	9.6
65.05	256	60.2F	9.6
65.10	255	60.2F	9.6
65.15	253	60.2F	9.6
65.20	252	60.2F	9.6
65.25	250	60.2F	9.6
65.30	248	60.2F	9.6
65.35	246	60.2F	9.6
65.40	246	60.2F	9.6
65.45	244	60.2F	9.6
65.50	244	60.2F	9.6
65.55	241	60.2F	9.6
65.60	241	60.2F	9.6
65.65	238	60.2F	9.6
65.70	237	60.2F	9.6
65.75	236	60.2F	9.6
65.80	233	60.2F	9.6
65.85	231	60.2F	9.6
65.90	229	60.2F	9.6
65.95	229	60.2F	9.6
66.00	227	60.2F	9.6
66.05	225	60.2F	9.6
66.10	224	60.2F	9.6
66.15	222	60.2F	9.6
66.20	221	60.2F	9.6
66.25	221	60.2F	9.6
66.30	218	60.2F	9.6
66.35	216	60.2F	9.6
66.40	216	60.2F	9.6
66.45	214	60.2F	9.6
66.50	214	60.2F	9.6
66.55	212	60.2F	9.6
66.60	211	60.2F	9.6
66.65	210	60.2F	9.6
66.70	208	60.2F	9.6
66.75	207	60.2F	9.6
66.80	205	60.2F	9.6
66.85	203	60.2F	9.6
66.90	201	60.2F	9.6
66.95	200	60.2F	9.6
67.00	200	60.2F	9.6
67.05	197	60.2F	9.6
67.10	197	60.2F	9.6
67.15	196	60.2F	9.6
67.20	194	60.2F	9.6
67.25	193	60.2F	9.6
67.30	192	60.2F	9.6
67.35	189	60.2F	9.6
67.40	189	60.2F	9.6
67.45	188	60.2F	9.6
67.50	186	60.2F	9.6
67.55	185	60.2F	9.6
67.60	184	60.2F	9.6
67.65	183	60.2F	9.6
67.70	182	60.2F	9.6
67.75	181	60.2F	9.6
67.80	179	60.2F	9.6
67.85	177	60.2F	9.6
67.90	174	60.2F	9.6
67.95	172	60.2F	9.6
68.00	173	60.2F	9.6
68.05	172	60.2F	9.6
68.10	171	60.2F	9.6
68.15	168	60.2F	9.6
68.20	168	60.2F	9.6
68.25	166	60.2F	9.6
68.30	165	60.2F	9.6
68.35	163	60.2F	9.6
68.40	161	60.2F	9.6
68.45	161	60.2F	9.6
68.50	161	60.2F	9.6
68.55	158	60.2F	9.6
68.60	155	60.2F	9.6
68.65	154	60.2F	9.6
68.70	153	60.2F	9.6
68.75	151	60.2F	9.6
68.80	149	60.2F	9.6
68.85	148	60.2F	9.6
68.90	145	60.2F	9.6
68.95	146	60.2F	9.6
69.00	145	60.2F	9.6
69.05	143	60.2F	9.6
69.10	141	60.2F	9.6
69.15	139	60.2F	9.6
69.20	137	60.2F	9.6
69.25	135	60.2F	9.6
69.30	134	60.2F	9.6
69.35	132	60.2F	9.6
69.40	131	60.2F	9.6
69.45	130	60.2F	9.6
69.50	128	60.2F	9.6
69.55	125	60.2F	9.6
69.60	123	60.2F	9.6
69.65	123	60.2F	9.6
69.70	122	60.2F	9.6
69.75	118	60.2F	9.6
69.80	117	60.2F	9.6
69.85	116	60.2F	9.6
69.90	113	60.2F	9.6
69.95	113	60.2F	9.6
70.00	112	60.2F	9.6
70.05	112	60.2F	9.6
70.10	110	60.2F	9.6
70.15	110	60.2F	9.6
70.20	109	60.2F	9.6
70.25	107	60.2F	9.6
70.30	105	60.2F	9.6
70.35	104	60.2F	9.6
70.40	104	60.2F	9.6
70.45	105	60.2F	9.6
70.50	102	60.2F	9.6
70.55	101	60.2F	9.6
70.60	98	60.2F	9.6
70.65	97	60.2F	9.6
70.70	94	60.2F	9.6
70.75	92	60.2F	9.6
70.80	91	60.2F	9.6
70.85	88	60.2F	9.6
70.90	86	60.2F	9.6
70.95	85	60.2F	9.6
71.00	84	60.2F	9.6
71.05	83	60.2F	9.6
71.10	82	60.2F	9.6
71.15	82	60.2F	9.6
71.20	80	60.2F	9.6
71.25	80	60.2F	9.6
71.30	77	60.2F	9.6
71.35	76	60.2F	9.6
71.40	74	60.2F	9.6
71.45	73	60.2F	9.6
71.50	71	60.2F	9.6
71.55	71	60.2F	9.6
71.60	70	60.2F	9.6
71.65	69	60.2F	9.6
71.70	66	60.2F	9.6
71.75	65	60.2F	9.6
71.80	63	60.2F	9.6
71.85	63	60.2F	9.6
71.90	62	60.2F	9.6
71.95	61	60.2F	9.6
72.00	57	60.2F	9.6
72.05	58	60.2F	9.6
72.10	57	60.2F	9.6
72.15	55	60.2F	9.6
72.20	53	60.2F	9.6
72.25	53	60.2F	9.6
72.30	51	60.2F	9.6
72.35	49	60.2F	9.6
72.40	47	60.2F	9.6
72.45	47	60.2F	9.6
72.50	45	60.2F	9.6
72.55	44	60.2F	9.6
72.60	43	60.2F	9.6
72.65	42	60.2F	9.6
72.70	40	60.2F	9.6
72.75	38	60.2F	9.6
72.80	38	60.2F	9.6
72.85	35	60.2F	9.6
72.90	34	60.2F	9.6
72.95	33	60.2F	9.6
73.00	32	60.2F	9.6
73.05	31	60.2F	9.6
73.10	29	60.2F	9.6
73.15	26	60.2F	9.6
73.20	23	60.2F	9.6
73.25	22	60.2F	9.6
73.30	22	60.2F	9.6
73.35	20	60.2F	9.6
73.40	20	60.2F	9.6
73.45	21	60.2F	9.6
73.50	18	60.2F	9.6
73.55	18	60.2F	9.6
73.60	16	60.2F	9.6
73.65	15	60.2F	9.6
73.70	13	60.2F	9.6
73.75	12	60.2F	9.6
73.80	10	60.2F	9.6
73.85	8	60.2F	9.6
73.90	5	60.2F	9.6
73.95	5	60.2F	9.6
74.00	4	60.2F	9.6
74.05	3	60.2F	9.6
74.10	-1	60.2F	9.6
74.15	0	60.2F	9.6
74.20	-4	60.2F	9.6
74.25	-3	60.2F	9.6
74.30	-3	60.2F	9.6
74.35	-6	60.2F	9.6
74.40	-8	60.2F	9.6
74.45	-9	60.2F	9.6
74.50	-11	60.2F	9.6
74.55	-12	60.2F	9.6
74.60	-11	60.2F	9.6
74.65	-13	60.2F	9.6
74.70	-18	60.2F	9.6
74.75	-14	60.2F	9.6
74.80	-15	60.2F	9.6
74.85	-15	60.2F	9.6
74.90	-15	60.2F	9.6
74.95	-14	60.2F	9.6
75.00	-14	60.2F	9.6
75.05	-14	60.2F	9.6
75.10	-14	60.2F	9.6
75.15	-13	60.2F	9.6
75.20	-14	60.2F	9.6
75.25	-14	60.2F	9.6
75.30	-14	60.2F	9.6
75.35	-13	60.2F	9.6
75.40	-14	60.2F	9.6
75.45	-14	60.2F	9.6
75.50	-14	60.2F	9.6
75.55	-15	60.2F	9.6
75.60	-15	60.2F	9.6
75.65	-14	60.2F	9.6
75.70	-14	60.2F	9.6
75.75	-14	60.2F	9.6
75.80	-15	60.3F	9.6
75.85	-14	60.2F	9.6
75.90	-15	60.2F	9.6
75.95	-14	60.2F	9.6
76.00	-15	60.2F	9.6
76.05	-15	60.2F	9.6
76.10	-14	60.2F	9.6
76.15	-15	60.2F	9.6
76.20	-15	60.3F	9.6
76.25	-15	60.2F	9.6
76.30	-15	60.3F	9.6
76.35	-15	60.3F	9.6
76.40	-14	60.2F	9.6
76.45	-14	60.2F	9.6
76.50	-14	60.2F	9.6
76.55	-15	60.3F	9.6
76.60	-14	60.2F	9.6
76.65	-14	60.2F	9.6
76.70	-15	60.2F	9.6
76.75	-15	60.3F	9.6
76.80	-15	60.3F	9.6
76.85	-14	60.2F	9.6
76.90	-14	60.3F	9.6
76.95	-15	60.3F	9.6
77.00	-15	60.3F	9.6
77.05	-16	60.3F	9.6
77.10	-16	60.3F	9.6
77.15	-14	60.3F	9.6
77.20	-14	60.3F	9.6
77.25	-15	60.3F	9.6
77.30	-15	60.3F	9.6
77.35	-14	60.3F	9.6
77.40	-14	60.3F	9.6
77.45	-15	60.3F	9.6
77.50	-14	60.3F	9.6
77.55	-15	60.3F	9.6
77.60	-15	60.3F	9.6
77.65	-14	60.2F	9.6
77.70	-14	60.2F	9.6
77.75	-14	60.3F	9.6
77.80	-15	60.3F	9.6
77.85	-14	60.3F	9.6
77.90	-15	60.3F	9.6
77.95	-14	60.3F	9.6
78.00	-14	60.3F	9.6
78.05	-14	60.3F	9.6
78.10	-14	60.3F	9.6
78.15	-15	60.3F	9.6
78.20	-15	60.3F	9.6
78.25	-13	60.3F	9.6
78.30	-15	60.3F	9.6
78.35	-15	60.3F	9.6
78.40	-14	60.3F	9.6
78.45	-14	60.3F	9.6
78.50	-15	60.3F	9.6
78.55	-16	60.3F	9.6
78.60	-15	60.3F	9.6
78.65	-15	60.3F	9.6
78.70	-14	60.3F	9.6
78.75	-15	60.3F	9.6
78.80	-14	60.3F	9.6
78.85	-14	60.3F	9.6
78.90	-15	60.3F	9.6
78.95	-14	60.3F	9.6
79.00	-14	60.3F	9.6
79.05	-15	60.3F	9.6
79.10	-15	60.3F	9.6
79.15	-15	60.3F	9.6
79.20	-15	60.3F	9.6
79.25	-15	60.3F	9.6
79.30	-15	60.3F	9.6
79.35	-15	60.3F	9.6
79.40	-16	60.3F	9.6
79.45	-14	60.3F	9.6
79.50	-15	60.3F	9.6
79.55	-15	60.3F	9.6
79.60	-15	60.3F	9.6
79.65	-15	60.3F	9.6
79.70	-14	60.3F	9.6
79.75	-14	60.3F	9.6
79.80	-14	60.3F	9.6
79.85	-15	60.3F	9.6
79.90	-14	60.3F	9.6
79.95	-13	60.3F	9.6