Time	Altitude	Temp.	Voltage
0.00	0	59.5F	9.5
0.05	2	59.5F	9.5
0.10	1	59.5F	9.5
0.15	2	59.5F	9.5
0.20	3	59.5F	9.5
0.25	0	59.5F	9.5
0.30	6	59.5F	9.5
0.35	4	59.5F	9.5
0.40	6	59.5F	9.5
0.45	2	59.6F	9.5
0.50	9	59.5F	9.5
0.55	12	59.5F	9.5
0.60	15	59.5F	9.5
0.65	19	59.5F	9.5
0.70	24	59.6F	9.5
0.75	32	59.6F	9.5
0.80	39	59.6F	9.5
0.85	49	59.6F	9.5
0.90	56	59.6F	9.5
0.95	64	59.6F	9.5
1.00	70	59.6F	9.5
1.05	83	59.6F	9.5
1.10	91	59.6F	9.5
1.15	103	59.6F	9.5
1.20	115	59.6F	9.5
1.25	124	59.6F	9.5
1.30	140	59.6F	9.5
1.35	154	59.6F	9.5
1.40	169	59.6F	9.5
1.45	184	59.6F	9.5
1.50	198	59.6F	9.5
1.55	214	59.6F	9.5
1.60	230	59.6F	9.5
1.65	248	59.6F	9.5
1.70	267	59.6F	9.5
1.75	285	59.6F	9.5
1.80	303	59.6F	9.5
1.85	320	59.6F	9.5
1.90	342	59.6F	9.5
1.95	365	59.5F	9.5
2.00	386	59.6F	9.5
2.05	403	59.5F	9.5
2.10	425	59.6F	9.5
2.15	439	59.6F	9.5
2.20	344	59.6F	9.5
2.25	365	59.6F	9.5
2.30	383	59.6F	9.5
2.35	407	59.6F	9.5
2.40	386	59.8F	9.5
2.45	448	60.1F	9.5
2.50	40	60.9F	9.6
2.55	477	62.1F	9.8
2.60	570	63.0F	9.8
2.65	542	64.2F	9.9
2.70	513	65.1F	9.9
2.75	517	66.0F	9.9
2.80	485	66.7F	9.9
2.85	500	67.2F	9.9
2.90	533	67.6F	9.9
2.95	569	67.9F	9.9
3.00	545	68.1F	9.9
3.05	582	68.3F	9.9
3.10	588	68.4F	9.9
3.15	609	68.5F	9.9
3.20	634	68.5F	9.9
3.25	629	68.5F	9.9
3.30	661	68.5F	9.9
3.35	670	68.5F	9.9
3.40	689	68.5F	9.9
3.45	719	68.4F	9.9
3.50	724	68.4F	9.9
3.55	719	68.3F	9.9
3.60	745	68.2F	9.9
3.65	760	68.2F	9.9
3.70	771	68.1F	9.9
3.75	791	68.0F	9.9
3.80	799	67.9F	9.9
3.85	822	67.8F	9.9
3.90	829	67.7F	9.9
3.95	831	67.6F	9.9
4.00	859	67.5F	9.8
4.05	880	67.4F	9.8
4.10	883	67.3F	9.8
4.15	903	67.2F	9.8
4.20	916	67.1F	9.8
4.25	935	67.0F	9.8
4.30	948	66.9F	9.8
4.35	950	66.8F	9.8
4.40	947	66.7F	9.8
4.45	975	66.6F	9.8
4.50	988	66.5F	9.8
4.55	991	66.5F	9.8
4.60	1001	66.4F	9.8
4.65	1014	66.3F	9.7
4.70	1025	66.2F	9.7
4.75	1038	66.2F	9.7
4.80	1052	66.1F	9.7
4.85	1064	66.0F	9.7
4.90	1066	65.9F	9.7
4.95	1083	65.9F	9.7
5.00	1085	65.8F	9.7
5.05	1101	65.7F	9.7
5.10	1113	65.7F	9.7
5.15	1125	65.6F	9.7
5.20	1129	65.6F	9.7
5.25	1141	65.5F	9.7
5.30	1152	65.5F	9.7
5.35	1166	65.4F	9.7
5.40	1166	65.4F	9.7
5.45	1178	65.3F	9.7
5.50	1183	65.3F	9.7
5.55	1196	65.2F	9.7
5.60	1207	65.2F	9.7
5.65	1214	65.2F	9.7
5.70	1211	65.1F	9.7
5.75	1231	65.1F	9.7
5.80	1237	65.1F	9.7
5.85	1240	65.0F	9.7
5.90	1248	65.0F	9.6
5.95	1256	65.0F	9.6
6.00	1265	65.0F	9.6
6.05	1265	65.0F	9.6
6.10	1278	65.0F	9.6
6.15	1283	65.0F	9.6
6.20	1292	64.9F	9.6
6.25	1302	64.9F	9.6
6.30	1307	64.9F	9.6
6.35	1311	64.9F	9.6
6.40	1319	64.9F	9.6
6.45	1325	64.9F	9.6
6.50	1327	64.9F	9.6
6.55	1338	64.9F	9.6
6.60	1343	64.9F	9.6
6.65	1350	64.8F	9.6
6.70	1358	64.8F	9.6
6.75	1365	64.8F	9.6
6.80	1368	64.8F	9.6
6.85	1368	64.8F	9.6
6.90	1376	64.8F	9.6
6.95	1384	64.8F	9.6
7.00	1386	64.8F	9.6
7.05	1389	64.8F	9.6
7.10	1392	64.8F	9.6
7.15	1403	64.8F	9.6
7.20	1405	64.8F	9.6
7.25	1410	64.7F	9.6
7.30	1419	64.7F	9.6
7.35	1419	64.8F	9.6
7.40	1427	64.7F	9.6
7.45	1431	64.7F	9.6
7.50	1432	64.7F	9.6
7.55	1441	64.7F	9.6
7.60	1444	64.7F	9.6
7.65	1447	64.7F	9.6
7.70	1450	64.7F	9.6
7.75	1453	64.7F	9.6
7.80	1456	64.7F	9.6
7.85	1460	64.7F	9.6
7.90	1463	64.7F	9.6
7.95	1467	64.7F	9.6
8.00	1467	64.7F	9.6
8.05	1471	64.6F	9.6
8.10	1475	64.6F	9.6
8.15	1478	64.6F	9.6
8.20	1481	64.6F	9.6
8.25	1483	64.6F	9.6
8.30	1485	64.5F	9.6
8.35	1490	64.5F	9.6
8.40	1492	64.5F	9.6
8.45	1492	64.5F	9.6
8.50	1497	64.5F	9.6
8.55	1500	64.5F	9.6
8.60	1501	64.5F	9.6
8.65	1502	64.5F	9.6
8.70	1507	64.5F	9.6
8.75	1506	64.5F	9.6
8.80	1509	64.5F	9.6
8.85	1509	64.5F	9.6
8.90	1512	64.5F	9.6
8.95	1513	64.5F	9.6
9.00	1515	64.4F	9.6
9.05	1516	64.4F	9.6
9.10	1517	64.4F	9.6
9.15	1519	64.4F	9.6
9.20	1519	64.5F	9.6
9.25	1521	64.4F	9.6
9.30	1522	64.4F	9.6
9.35	1523	64.4F	9.6
9.40	1522	64.4F	9.6
9.45	1524	64.4F	9.6
9.50	1523	64.4F	9.6
9.55	1525	64.4F	9.6
9.60	1526	64.4F	9.6
9.65	1524	64.4F	9.6
9.70	1524	64.3F	9.6
9.75	1525	64.4F	9.6
9.80	1530	64.3F	9.3
9.85	1522	64.3F	9.3
9.90	1514	64.3F	9.4
9.95	1523	64.3F	9.3
10.00	1530	64.3F	9.3
10.05	1529	64.3F	9.4
10.10	1526	64.3F	9.4
10.15	1525	64.3F	9.5
10.20	1525	64.3F	9.5
10.25	1524	64.3F	9.5
10.30	1521	64.3F	9.5
10.35	1520	64.3F	9.5
10.40	1519	64.3F	9.5
10.45	1521	64.2F	9.5
10.50	1521	64.2F	9.5
10.55	1520	64.2F	9.5
10.60	1518	64.2F	9.5
10.65	1525	64.2F	9.5
10.70	1524	64.2F	9.5
10.75	1523	64.2F	9.5
10.80	1526	64.2F	9.5
10.85	1524	64.2F	9.5
10.90	1518	64.2F	9.5
10.95	1514	64.2F	9.5
11.00	1510	64.2F	9.5
11.05	1502	64.2F	9.5
11.10	1527	64.1F	9.5
11.15	1499	64.2F	9.5
11.20	1504	64.1F	9.5
11.25	1500	64.1F	9.5
11.30	1500	64.1F	9.5
11.35	1500	64.1F	9.5
11.40	1497	64.1F	9.5
11.45	1495	64.1F	9.5
11.50	1495	64.1F	9.5
11.55	1494	64.1F	9.5
11.60	1493	64.1F	9.5
11.65	1492	64.1F	9.5
11.70	1494	64.1F	9.5
11.75	1490	64.1F	9.5
11.80	1489	64.1F	9.5
11.85	1489	64.0F	9.5
11.90	1490	64.0F	9.5
11.95	1486	64.0F	9.5
12.00	1485	64.0F	9.5
12.05	1485	64.0F	9.5
12.10	1480	64.0F	9.5
12.15	1484	64.0F	9.5
12.20	1480	64.0F	9.5
12.25	1480	64.0F	9.5
12.30	1478	64.0F	9.5
12.35	1478	64.0F	9.5
12.40	1477	64.0F	9.5
12.45	1476	64.0F	9.5
12.50	1475	64.0F	9.5
12.55	1475	64.0F	9.5
12.60	1475	64.0F	9.5
12.65	1473	64.0F	9.5
12.70	1472	64.0F	9.5
12.75	1471	64.0F	9.5
12.80	1469	64.0F	9.5
12.85	1469	64.0F	9.5
12.90	1467	64.0F	9.5
12.95	1465	64.0F	9.5
13.00	1465	64.0F	9.5
13.05	1467	64.0F	9.5
13.10	1465	64.0F	9.5
13.15	1462	64.0F	9.5
13.20	1461	64.0F	9.5
13.25	1459	64.0F	9.5
13.30	1463	63.9F	9.5
13.35	1462	64.0F	9.5
13.40	1459	64.0F	9.5
13.45	1457	64.0F	9.5
13.50	1457	64.0F	9.5
13.55	1453	63.9F	9.5
13.60	1452	63.9F	9.5
13.65	1451	63.9F	9.5
13.70	1453	63.9F	9.5
13.75	1451	63.9F	9.5
13.80	1449	63.9F	9.5
13.85	1448	63.9F	9.5
13.90	1446	63.9F	9.5
13.95	1445	63.9F	9.5
14.00	1444	63.9F	9.5
14.05	1443	63.9F	9.5
14.10	1441	63.9F	9.5
14.15	1440	63.9F	9.5
14.20	1439	63.9F	9.5
14.25	1438	63.9F	9.5
14.30	1436	63.9F	9.5
14.35	1437	63.9F	9.5
14.40	1436	63.9F	9.5
14.45	1437	63.9F	9.5
14.50	1436	63.9F	9.5
14.55	1433	63.9F	9.5
14.60	1432	63.9F	9.5
14.65	1429	63.9F	9.5
14.70	1428	63.9F	9.5
14.75	1426	63.9F	9.5
14.80	1426	63.9F	9.5
14.85	1424	63.9F	9.5
14.90	1424	63.9F	9.5
14.95	1424	63.9F	9.5
15.00	1423	63.9F	9.5
15.05	1422	63.9F	9.5
15.10	1418	63.9F	9.5
15.15	1418	63.9F	9.5
15.20	1415	63.9F	9.5
15.25	1413	63.9F	9.5
15.30	1410	63.9F	9.5
15.35	1413	63.9F	9.5
15.40	1411	63.9F	9.5
15.45	1411	63.9F	9.5
15.50	1409	63.9F	9.5
15.55	1409	63.9F	9.5
15.60	1408	63.9F	9.5
15.65	1407	63.9F	9.5
15.70	1405	63.9F	9.5
15.75	1404	63.9F	9.5
15.80	1402	63.9F	9.5
15.85	1401	63.9F	9.5
15.90	1399	63.9F	9.5
15.95	1398	63.9F	9.5
16.00	1397	63.9F	9.5
16.05	1396	63.9F	9.5
16.10	1395	63.9F	9.5
16.15	1396	63.9F	9.5
16.20	1393	63.9F	9.5
16.25	1393	63.9F	9.5
16.30	1392	63.8F	9.5
16.35	1389	63.9F	9.5
16.40	1391	63.8F	9.5
16.45	1388	63.9F	9.5
16.50	1385	63.9F	9.5
16.55	1385	63.8F	9.5
16.60	1384	63.9F	9.5
16.65	1384	63.9F	9.5
16.70	1383	63.8F	9.5
16.75	1381	63.8F	9.5
16.80	1382	63.8F	9.5
16.85	1380	63.8F	9.5
16.90	1378	63.8F	9.5
16.95	1378	63.8F	9.5
17.00	1374	63.8F	9.5
17.05	1375	63.8F	9.5
17.10	1374	63.8F	9.5
17.15	1373	63.8F	9.5
17.20	1371	63.8F	9.5
17.25	1370	63.8F	9.5
17.30	1370	63.8F	9.5
17.35	1367	63.8F	9.5
17.40	1367	63.8F	9.5
17.45	1366	63.8F	9.5
17.50	1364	63.8F	9.5
17.55	1364	63.8F	9.5
17.60	1363	63.8F	9.5
17.65	1361	63.8F	9.5
17.70	1360	63.8F	9.5
17.75	1359	63.8F	9.5
17.80	1357	63.8F	9.5
17.85	1357	63.8F	9.5
17.90	1357	63.8F	9.5
17.95	1355	63.8F	9.5
18.00	1355	63.8F	9.5
18.05	1353	63.8F	9.5
18.10	1353	63.8F	9.5
18.15	1354	63.8F	9.5
18.20	1350	63.8F	9.5
18.25	1348	63.8F	9.5
18.30	1347	63.8F	9.5
18.35	1347	63.8F	9.5
18.40	1346	63.8F	9.5
18.45	1344	63.8F	9.5
18.50	1343	63.8F	9.5
18.55	1340	63.8F	9.5
18.60	1339	63.8F	9.5
18.65	1338	63.8F	9.5
18.70	1339	63.8F	9.5
18.75	1340	63.8F	9.5
18.80	1338	63.8F	9.5
18.85	1336	63.8F	9.5
18.90	1334	63.8F	9.5
18.95	1332	63.8F	9.5
19.00	1332	63.8F	9.5
19.05	1331	63.8F	9.5
19.10	1333	63.8F	9.5
19.15	1333	63.8F	9.5
19.20	1332	63.8F	9.5
19.25	1329	63.8F	9.5
19.30	1327	63.8F	9.5
19.35	1326	63.8F	9.5
19.40	1326	63.8F	9.5
19.45	1323	63.8F	9.5
19.50	1320	63.8F	9.5
19.55	1319	63.8F	9.5
19.60	1319	63.8F	9.5
19.65	1318	63.8F	9.5
19.70	1315	63.8F	9.5
19.75	1314	63.8F	9.5
19.80	1313	63.8F	9.5
19.85	1314	63.8F	9.5
19.90	1313	63.8F	9.5
19.95	1311	63.8F	9.5
20.00	1309	63.8F	9.5
20.05	1306	63.8F	9.5
20.10	1305	63.8F	9.5
20.15	1303	63.8F	9.5
20.20	1304	63.8F	9.5
20.25	1301	63.8F	9.5
20.30	1302	63.8F	9.5
20.35	1300	63.8F	9.5
20.40	1301	63.8F	9.5
20.45	1300	63.8F	9.5
20.50	1299	63.8F	9.5
20.55	1298	63.8F	9.5
20.60	1298	63.8F	9.5
20.65	1295	63.8F	9.5
20.70	1294	63.8F	9.5
20.75	1294	63.8F	9.5
20.80	1296	63.8F	9.5
20.85	1291	63.8F	9.5
20.90	1291	63.8F	9.5
20.95	1288	63.8F	9.5
21.00	1288	63.8F	9.5
21.05	1287	63.8F	9.5
21.10	1287	63.8F	9.5
21.15	1285	63.8F	9.5
21.20	1284	63.8F	9.5
21.25	1284	63.8F	9.5
21.30	1281	63.8F	9.5
21.35	1279	63.8F	9.5
21.40	1278	63.7F	9.5
21.45	1278	63.7F	9.5
21.50	1276	63.7F	9.5
21.55	1275	63.7F	9.5
21.60	1274	63.7F	9.5
21.65	1275	63.7F	9.5
21.70	1272	63.7F	9.5
21.75	1272	63.7F	9.5
21.80	1271	63.7F	9.5
21.85	1269	63.7F	9.5
21.90	1268	63.7F	9.5
21.95	1267	63.7F	9.5
22.00	1267	63.7F	9.5
22.05	1265	63.7F	9.5
22.10	1262	63.7F	9.5
22.15	1262	63.7F	9.5
22.20	1259	63.7F	9.5
22.25	1259	63.7F	9.5
22.30	1259	63.7F	9.5
22.35	1259	63.7F	9.5
22.40	1259	63.7F	9.5
22.45	1255	63.7F	9.5
22.50	1255	63.7F	9.5
22.55	1254	63.7F	9.5
22.60	1253	63.7F	9.5
22.65	1250	63.7F	9.5
22.70	1250	63.7F	9.5
22.75	1249	63.7F	9.5
22.80	1248	63.8F	9.5
22.85	1248	63.8F	9.5
22.90	1247	63.7F	9.5
22.95	1247	63.7F	9.5
23.00	1244	63.8F	9.5
23.05	1243	63.7F	9.5
23.10	1242	63.7F	9.5
23.15	1241	63.7F	9.5
23.20	1239	63.7F	9.5
23.25	1238	63.7F	9.5
23.30	1238	63.7F	9.5
23.35	1237	63.7F	9.5
23.40	1236	63.7F	9.5
23.45	1236	63.7F	9.5
23.50	1233	63.7F	9.5
23.55	1232	63.7F	9.5
23.60	1230	63.7F	9.5
23.65	1230	63.7F	9.5
23.70	1226	63.7F	9.5
23.75	1226	63.7F	9.5
23.80	1225	63.7F	9.5
23.85	1224	63.7F	9.5
23.90	1222	63.7F	9.5
23.95	1221	63.7F	9.5
24.00	1221	63.7F	9.5
24.05	1220	63.7F	9.5
24.10	1217	63.7F	9.5
24.15	1216	63.7F	9.5
24.20	1217	63.7F	9.5
24.25	1215	63.7F	9.5
24.30	1214	63.7F	9.5
24.35	1213	63.7F	9.5
24.40	1212	63.7F	9.5
24.45	1210	63.7F	9.5
24.50	1210	63.7F	9.5
24.55	1208	63.7F	9.5
24.60	1205	63.7F	9.5
24.65	1206	63.7F	9.5
24.70	1203	63.7F	9.5
24.75	1202	63.7F	9.5
24.80	1202	63.7F	9.5
24.85	1201	63.7F	9.5
24.90	1200	63.7F	9.5
24.95	1198	63.7F	9.5
25.00	1198	63.7F	9.5
25.05	1196	63.7F	9.5
25.10	1196	63.7F	9.5
25.15	1195	63.7F	9.5
25.20	1193	63.7F	9.5
25.25	1193	63.7F	9.5
25.30	1190	63.7F	9.5
25.35	1188	63.7F	9.5
25.40	1187	63.7F	9.5
25.45	1187	63.7F	9.5
25.50	1185	63.7F	9.5
25.55	1183	63.7F	9.5
25.60	1185	63.7F	9.5
25.65	1184	63.7F	9.5
25.70	1182	63.7F	9.5
25.75	1183	63.7F	9.5
25.80	1181	63.7F	9.5
25.85	1181	63.7F	9.5
25.90	1180	63.7F	9.5
25.95	1177	63.7F	9.5
26.00	1177	63.7F	9.5
26.05	1175	63.7F	9.5
26.10	1173	63.7F	9.5
26.15	1174	63.7F	9.5
26.20	1172	63.7F	9.5
26.25	1170	63.7F	9.5
26.30	1170	63.7F	9.5
26.35	1169	63.8F	9.5
26.40	1169	63.7F	9.5
26.45	1167	63.7F	9.5
26.50	1166	63.7F	9.5
26.55	1166	63.7F	9.5
26.60	1166	63.7F	9.5
26.65	1164	63.7F	9.5
26.70	1163	63.7F	9.5
26.75	1161	63.7F	9.5
26.80	1160	63.7F	9.5
26.85	1159	63.7F	9.5
26.90	1158	63.7F	9.5
26.95	1155	63.7F	9.5
27.00	1154	63.7F	9.5
27.05	1153	63.7F	9.5
27.10	1153	63.7F	9.5
27.15	1150	63.7F	9.5
27.20	1150	63.7F	9.5
27.25	1149	63.7F	9.5
27.30	1148	63.7F	9.5
27.35	1149	63.7F	9.5
27.40	1148	63.7F	9.5
27.45	1144	63.7F	9.5
27.50	1144	63.7F	9.5
27.55	1142	63.7F	9.5
27.60	1143	63.7F	9.5
27.65	1140	63.7F	9.5
27.70	1141	63.7F	9.5
27.75	1139	63.7F	9.5
27.80	1137	63.7F	9.5
27.85	1136	63.7F	9.5
27.90	1135	63.7F	9.5
27.95	1135	63.7F	9.5
28.00	1135	63.7F	9.5
28.05	1135	63.7F	9.5
28.10	1131	63.7F	9.5
28.15	1132	63.7F	9.5
28.20	1129	63.7F	9.5
28.25	1128	63.7F	9.5
28.30	1127	63.7F	9.5
28.35	1124	63.7F	9.5
28.40	1123	63.7F	9.5
28.45	1123	63.7F	9.5
28.50	1122	63.7F	9.5
28.55	1121	63.7F	9.5
28.60	1119	63.7F	9.5
28.65	1118	63.7F	9.5
28.70	1118	63.7F	9.5
28.75	1117	63.7F	9.5
28.80	1115	63.7F	9.5
28.85	1114	63.7F	9.5
28.90	1113	63.7F	9.5
28.95	1112	63.7F	9.5
29.00	1109	63.7F	9.5
29.05	1108	63.7F	9.5
29.10	1108	63.7F	9.5
29.15	1108	63.7F	9.5
29.20	1107	63.7F	9.5
29.25	1108	63.7F	9.5
29.30	1106	63.7F	9.5
29.35	1102	63.7F	9.5
29.40	1102	63.7F	9.5
29.45	1102	63.7F	9.5
29.50	1100	63.7F	9.5
29.55	1100	63.7F	9.5
29.60	1098	63.7F	9.5
29.65	1098	63.7F	9.5
29.70	1096	63.7F	9.5
29.75	1094	63.7F	9.5
29.80	1094	63.7F	9.5
29.85	1092	63.7F	9.5
29.90	1092	63.7F	9.5
29.95	1092	63.7F	9.5
30.00	1090	63.7F	9.5
30.05	1091	63.7F	9.5
30.10	1089	63.7F	9.5
30.15	1087	63.7F	9.5
30.20	1088	63.7F	9.5
30.25	1085	63.7F	9.5
30.30	1084	63.7F	9.5
30.35	1084	63.7F	9.5
30.40	1081	63.7F	9.5
30.45	1080	63.7F	9.5
30.50	1081	63.7F	9.5
30.55	1080	63.7F	9.5
30.60	1077	63.7F	9.5
30.65	1076	63.7F	9.5
30.70	1076	63.7F	9.5
30.75	1075	63.7F	9.5
30.80	1074	63.7F	9.5
30.85	1073	63.7F	9.5
30.90	1070	63.7F	9.5
30.95	1070	63.7F	9.5
31.00	1068	63.7F	9.5
31.05	1069	63.7F	9.5
31.10	1066	63.7F	9.5
31.15	1065	63.7F	9.5
31.20	1065	63.7F	9.5
31.25	1063	63.7F	9.5
31.30	1062	63.7F	9.5
31.35	1061	63.7F	9.5
31.40	1060	63.7F	9.5
31.45	1061	63.7F	9.5
31.50	1059	63.7F	9.5
31.55	1057	63.7F	9.5
31.60	1058	63.7F	9.5
31.65	1056	63.7F	9.5
31.70	1055	63.7F	9.5
31.75	1053	63.7F	9.5
31.80	1052	63.7F	9.5
31.85	1050	63.7F	9.5
31.90	1048	63.7F	9.5
31.95	1047	63.7F	9.5
32.00	1045	63.7F	9.5
32.05	1045	63.7F	9.5
32.10	1042	63.7F	9.5
32.15	1043	63.7F	9.5
32.20	1041	63.7F	9.5
32.25	1041	63.7F	9.5
32.30	1040	63.7F	9.5
32.35	1039	63.7F	9.5
32.40	1039	63.7F	9.5
32.45	1036	63.7F	9.5
32.50	1036	63.7F	9.5
32.55	1035	63.7F	9.5
32.60	1034	63.7F	9.5
32.65	1032	63.7F	9.5
32.70	1031	63.7F	9.5
32.75	1031	63.7F	9.5
32.80	1030	63.7F	9.5
32.85	1027	63.7F	9.5
32.90	1026	63.7F	9.5
32.95	1025	63.7F	9.5
33.00	1024	63.7F	9.5
33.05	1023	63.7F	9.5
33.10	1022	63.7F	9.5
33.15	1021	63.7F	9.5
33.20	1019	63.7F	9.5
33.25	1019	63.7F	9.5
33.30	1017	63.7F	9.5
33.35	1017	63.7F	9.5
33.40	1014	63.7F	9.5
33.45	1016	63.7F	9.5
33.50	1013	63.7F	9.5
33.55	1013	63.7F	9.5
33.60	1011	63.7F	9.5
33.65	1009	63.7F	9.5
33.70	1008	63.7F	9.5
33.75	1005	63.7F	9.5
33.80	1004	63.7F	9.5
33.85	1003	63.7F	9.5
33.90	1003	63.7F	9.5
33.95	1002	63.7F	9.5
34.00	1000	63.7F	9.5
34.05	1000	63.7F	9.5
34.10	999	63.7F	9.5
34.15	996	63.7F	9.5
34.20	996	63.7F	9.5
34.25	996	63.7F	9.5
34.30	994	63.7F	9.5
34.35	993	63.7F	9.5
34.40	991	63.7F	9.5
34.45	990	63.7F	9.5
34.50	987	63.7F	9.5
34.55	985	63.7F	9.5
34.60	986	63.7F	9.5
34.65	986	63.7F	9.5
34.70	985	63.7F	9.5
34.75	984	63.7F	9.5
34.80	983	63.7F	9.5
34.85	984	63.7F	9.5
34.90	982	63.7F	9.5
34.95	981	63.7F	9.5
35.00	980	63.7F	9.5
35.05	980	63.7F	9.5
35.10	979	63.7F	9.5
35.15	976	63.7F	9.5
35.20	973	63.7F	9.5
35.25	973	63.7F	9.5
35.30	971	63.7F	9.5
35.35	971	63.7F	9.5
35.40	969	63.7F	9.5
35.45	969	63.7F	9.5
35.50	967	63.7F	9.5
35.55	966	63.7F	9.5
35.60	966	63.7F	9.5
35.65	963	63.7F	9.5
35.70	963	63.7F	9.5
35.75	963	63.7F	9.5
35.80	961	63.8F	9.5
35.85	960	63.7F	9.5
35.90	959	63.7F	9.5
35.95	958	63.7F	9.5
36.00	956	63.7F	9.5
36.05	955	63.8F	9.5
36.10	955	63.7F	9.5
36.15	955	63.7F	9.5
36.20	953	63.7F	9.5
36.25	952	63.7F	9.5
36.30	951	63.7F	9.5
36.35	951	63.7F	9.5
36.40	949	63.7F	9.5
36.45	948	63.7F	9.5
36.50	948	63.7F	9.5
36.55	946	63.7F	9.5
36.60	946	63.7F	9.5
36.65	944	63.7F	9.5
36.70	945	63.7F	9.5
36.75	944	63.7F	9.5
36.80	942	63.7F	9.5
36.85	941	63.7F	9.5
36.90	942	63.7F	9.5
36.95	939	63.7F	9.5
37.00	939	63.7F	9.5
37.05	936	63.7F	9.5
37.10	935	63.7F	9.5
37.15	933	63.7F	9.5
37.20	931	63.7F	9.5
37.25	931	63.7F	9.5
37.30	929	63.7F	9.5
37.35	929	63.7F	9.5
37.40	929	63.7F	9.5
37.45	927	63.7F	9.5
37.50	927	63.7F	9.5
37.55	927	63.7F	9.5
37.60	924	63.7F	9.5
37.65	922	63.7F	9.5
37.70	921	63.7F	9.5
37.75	921	63.7F	9.5
37.80	919	63.7F	9.5
37.85	919	63.7F	9.5
37.90	918	63.7F	9.5
37.95	917	63.7F	9.5
38.00	915	63.7F	9.5
38.05	911	63.7F	9.5
38.10	911	63.7F	9.5
38.15	910	63.7F	9.5
38.20	909	63.7F	9.5
38.25	909	63.7F	9.5
38.30	908	63.7F	9.5
38.35	907	63.7F	9.5
38.40	905	63.7F	9.5
38.45	904	63.7F	9.5
38.50	905	63.7F	9.5
38.55	901	63.7F	9.5
38.60	902	63.8F	9.5
38.65	900	63.8F	9.5
38.70	901	63.7F	9.5
38.75	899	63.8F	9.5
38.80	898	63.8F	9.5
38.85	896	63.8F	9.5
38.90	895	63.8F	9.5
38.95	895	63.8F	9.5
39.00	894	63.7F	9.5
39.05	892	63.8F	9.5
39.10	892	63.8F	9.5
39.15	890	63.8F	9.5
39.20	890	63.8F	9.5
39.25	887	63.8F	9.5
39.30	886	63.7F	9.5
39.35	886	63.7F	9.5
39.40	885	63.7F	9.5
39.45	884	63.8F	9.5
39.50	883	63.7F	9.5
39.55	882	63.7F	9.5
39.60	882	63.7F	9.5
39.65	881	63.7F	9.5
39.70	878	63.7F	9.5
39.75	876	63.7F	9.5
39.80	872	63.7F	9.5
39.85	875	63.7F	9.5
39.90	876	63.7F	9.5
39.95	872	63.7F	9.5
40.00	869	63.8F	9.5
40.05	870	63.7F	9.5
40.10	870	63.7F	9.5
40.15	869	63.7F	9.5
40.20	869	63.7F	9.5
40.25	868	63.7F	9.5
40.30	865	63.7F	9.5
40.35	864	63.7F	9.5
40.40	861	63.7F	9.5
40.45	860	63.7F	9.5
40.50	860	63.7F	9.5
40.55	858	63.7F	9.5
40.60	858	63.7F	9.5
40.65	856	63.7F	9.5
40.70	855	63.7F	9.5
40.75	855	63.7F	9.5
40.80	853	63.7F	9.5
40.85	852	63.7F	9.5
40.90	851	63.7F	9.5
40.95	851	63.7F	9.5
41.00	849	63.8F	9.5
41.05	848	63.8F	9.5
41.10	846	63.7F	9.5
41.15	846	63.7F	9.5
41.20	844	63.8F	9.5
41.25	845	63.7F	9.5
41.30	842	63.7F	9.5
41.35	840	63.8F	9.5
41.40	839	63.8F	9.5
41.45	837	63.8F	9.5
41.50	837	63.7F	9.5
41.55	836	63.7F	9.5
41.60	836	63.7F	9.5
41.65	834	63.8F	9.5
41.70	834	63.7F	9.5
41.75	831	63.7F	9.5
41.80	830	63.7F	9.5
41.85	829	63.7F	9.5
41.90	828	63.7F	9.5
41.95	827	63.7F	9.5
42.00	827	63.7F	9.5
42.05	826	63.7F	9.5
42.10	824	63.7F	9.5
42.15	823	63.7F	9.5
42.20	820	63.7F	9.5
42.25	819	63.7F	9.5
42.30	816	63.7F	9.5
42.35	816	63.7F	9.5
42.40	815	63.7F	9.5
42.45	813	63.7F	9.5
42.50	812	63.7F	9.5
42.55	811	63.7F	9.5
42.60	810	63.8F	9.5
42.65	809	63.7F	9.5
42.70	807	63.7F	9.5
42.75	807	63.8F	9.5
42.80	806	63.7F	9.5
42.85	807	63.7F	9.5
42.90	805	63.8F	9.5
42.95	804	63.7F	9.5
43.00	801	63.7F	9.5
43.05	799	63.8F	9.5
43.10	799	63.8F	9.5
43.15	800	63.8F	9.5
43.20	798	63.8F	9.5
43.25	797	63.7F	9.5
43.30	796	63.8F	9.5
43.35	795	63.8F	9.5
43.40	794	63.8F	9.5
43.45	791	63.8F	9.5
43.50	789	63.8F	9.5
43.55	787	63.8F	9.5
43.60	786	63.8F	9.5
43.65	785	63.8F	9.5
43.70	783	63.8F	9.5
43.75	781	63.8F	9.5
43.80	780	63.8F	9.5
43.85	778	63.8F	9.5
43.90	778	63.8F	9.5
43.95	777	63.8F	9.5
44.00	777	63.8F	9.5
44.05	775	63.8F	9.5
44.10	774	63.8F	9.5
44.15	772	63.8F	9.5
44.20	773	63.8F	9.5
44.25	770	63.8F	9.5
44.30	769	63.8F	9.5
44.35	767	63.8F	9.5
44.40	767	63.8F	9.5
44.45	764	63.8F	9.5
44.50	763	63.8F	9.5
44.55	764	63.8F	9.5
44.60	763	63.8F	9.5
44.65	761	63.8F	9.5
44.70	763	63.8F	9.5
44.75	760	63.8F	9.5
44.80	760	63.8F	9.5
44.85	757	63.8F	9.5
44.90	758	63.8F	9.5
44.95	757	63.8F	9.5
45.00	756	63.8F	9.5
45.05	754	63.8F	9.5
45.10	754	63.8F	9.5
45.15	753	63.8F	9.5
45.20	750	63.8F	9.5
45.25	750	63.8F	9.5
45.30	747	63.8F	9.5
45.35	745	63.8F	9.5
45.40	744	63.8F	9.5
45.45	742	63.8F	9.5
45.50	742	63.8F	9.5
45.55	741	63.8F	9.5
45.60	742	63.8F	9.5
45.65	739	63.8F	9.5
45.70	738	63.8F	9.5
45.75	737	63.8F	9.5
45.80	735	63.8F	9.5
45.85	734	63.8F	9.5
45.90	734	63.8F	9.5
45.95	733	63.8F	9.5
46.00	732	63.8F	9.5
46.05	731	63.8F	9.5
46.10	731	63.8F	9.5
46.15	730	63.8F	9.5
46.20	729	63.8F	9.5
46.25	727	63.8F	9.5
46.30	727	63.8F	9.5
46.35	725	63.8F	9.5
46.40	724	63.8F	9.5
46.45	723	63.8F	9.5
46.50	721	63.8F	9.5
46.55	719	63.8F	9.5
46.60	718	63.8F	9.5
46.65	716	63.8F	9.5
46.70	716	63.8F	9.5
46.75	714	63.8F	9.5
46.80	715	63.8F	9.5
46.85	712	63.8F	9.5
46.90	710	63.8F	9.5
46.95	710	63.8F	9.5
47.00	709	63.8F	9.5
47.05	707	63.8F	9.5
47.10	706	63.8F	9.5
47.15	706	63.8F	9.5
47.20	707	63.8F	9.5
47.25	704	63.8F	9.5
47.30	703	63.8F	9.5
47.35	701	63.8F	9.5
47.40	700	63.8F	9.5
47.45	698	63.8F	9.5
47.50	696	63.8F	9.5
47.55	696	63.8F	9.5
47.60	694	63.8F	9.5
47.65	694	63.8F	9.5
47.70	694	63.8F	9.5
47.75	692	63.8F	9.5
47.80	691	63.8F	9.5
47.85	691	63.8F	9.5
47.90	690	63.8F	9.5
47.95	688	63.8F	9.5
48.00	687	63.8F	9.5
48.05	688	63.8F	9.5
48.10	686	63.8F	9.5
48.15	684	63.8F	9.5
48.20	683	63.8F	9.5
48.25	680	63.8F	9.5
48.30	680	63.8F	9.5
48.35	679	63.8F	9.5
48.40	677	63.8F	9.5
48.45	677	63.8F	9.5
48.50	676	63.8F	9.5
48.55	677	63.8F	9.5
48.60	674	63.8F	9.5
48.65	672	63.8F	9.5
48.70	672	63.8F	9.5
48.75	671	63.8F	9.5
48.80	670	63.8F	9.5
48.85	668	63.8F	9.5
48.90	667	63.8F	9.5
48.95	664	63.8F	9.5
49.00	664	63.8F	9.5
49.05	662	63.8F	9.5
49.10	661	63.9F	9.5
49.15	661	63.9F	9.5
49.20	659	63.9F	9.5
49.25	659	63.9F	9.5
49.30	658	63.9F	9.5
49.35	659	63.9F	9.5
49.40	655	63.9F	9.5
49.45	655	63.9F	9.5
49.50	653	63.9F	9.5
49.55	652	63.9F	9.5
49.60	651	63.9F	9.5
49.65	647	63.9F	9.5
49.70	649	63.9F	9.5
49.75	647	63.9F	9.5
49.80	646	63.9F	9.5
49.85	645	63.9F	9.5
49.90	644	63.9F	9.5
49.95	643	63.9F	9.5
50.00	641	63.9F	9.5
50.05	641	63.9F	9.5
50.10	640	63.9F	9.5
50.15	639	63.9F	9.5
50.20	638	63.9F	9.5
50.25	637	63.9F	9.5
50.30	635	63.9F	9.5
50.35	635	63.9F	9.5
50.40	635	63.9F	9.5
50.45	632	63.9F	9.5
50.50	632	63.9F	9.5
50.55	630	63.9F	9.5
50.60	628	63.9F	9.5
50.65	627	63.9F	9.5
50.70	627	63.9F	9.5
50.75	625	63.9F	9.5
50.80	623	63.8F	9.5
50.85	622	63.9F	9.5
50.90	621	63.9F	9.5
50.95	619	63.9F	9.5
51.00	620	63.9F	9.5
51.05	616	63.8F	9.5
51.10	615	63.9F	9.5
51.15	614	63.9F	9.5
51.20	612	63.9F	9.5
51.25	611	63.9F	9.5
51.30	610	63.9F	9.5
51.35	609	63.9F	9.5
51.40	607	63.9F	9.5
51.45	607	63.9F	9.5
51.50	607	63.9F	9.5
51.55	605	63.8F	9.5
51.60	605	63.8F	9.5
51.65	602	63.8F	9.5
51.70	601	63.9F	9.5
51.75	600	63.9F	9.5
51.80	599	63.8F	9.5
51.85	597	63.9F	9.5
51.90	598	63.8F	9.5
51.95	594	63.8F	9.5
52.00	593	63.9F	9.5
52.05	591	63.9F	9.5
52.10	589	63.9F	9.5
52.15	591	63.8F	9.5
52.20	588	63.9F	9.5
52.25	586	63.8F	9.5
52.30	586	63.9F	9.5
52.35	585	63.8F	9.5
52.40	583	63.9F	9.5
52.45	582	63.9F	9.5
52.50	580	63.8F	9.5
52.55	580	63.9F	9.5
52.60	577	63.8F	9.5
52.65	578	63.9F	9.5
52.70	576	63.9F	9.5
52.75	575	63.9F	9.5
52.80	575	63.9F	9.5
52.85	574	63.9F	9.5
52.90	573	63.9F	9.5
52.95	569	63.9F	9.5
53.00	568	63.9F	9.5
53.05	569	63.9F	9.5
53.10	566	63.9F	9.5
53.15	565	63.9F	9.5
53.20	564	63.9F	9.5
53.25	562	63.9F	9.5
53.30	560	63.9F	9.5
53.35	561	63.9F	9.5
53.40	559	63.9F	9.5
53.45	560	63.9F	9.5
53.50	557	63.9F	9.5
53.55	558	63.9F	9.5
53.60	557	63.9F	9.5
53.65	555	63.9F	9.5
53.70	554	63.9F	9.5
53.75	552	63.9F	9.5
53.80	552	63.9F	9.5
53.85	550	63.9F	9.5
53.90	549	63.9F	9.5
53.95	550	63.9F	9.5
54.00	547	63.9F	9.5
54.05	544	63.9F	9.5
54.10	542	63.9F	9.5
54.15	540	63.9F	9.5
54.20	539	63.9F	9.5
54.25	538	63.9F	9.5
54.30	536	63.9F	9.5
54.35	536	63.9F	9.5
54.40	535	63.9F	9.5
54.45	534	63.9F	9.5
54.50	533	63.9F	9.5
54.55	532	63.8F	9.5
54.60	529	63.9F	9.5
54.65	528	63.8F	9.5
54.70	525	63.9F	9.5
54.75	524	63.9F	9.5
54.80	524	63.9F	9.5
54.85	521	63.9F	9.5
54.90	520	63.9F	9.5
54.95	519	63.9F	9.5
55.00	517	63.9F	9.5
55.05	515	63.9F	9.5
55.10	515	63.9F	9.5
55.15	514	63.9F	9.5
55.20	513	63.9F	9.5
55.25	512	63.9F	9.5
55.30	510	63.9F	9.5
55.35	508	63.9F	9.5
55.40	509	63.9F	9.5
55.45	507	63.9F	9.5
55.50	504	63.9F	9.5
55.55	501	63.9F	9.5
55.60	500	63.9F	9.5
55.65	501	63.9F	9.5
55.70	499	63.9F	9.5
55.75	498	63.9F	9.5
55.80	498	63.9F	9.5
55.85	499	63.9F	9.5
55.90	497	63.9F	9.5
55.95	497	63.9F	9.5
56.00	495	63.9F	9.5
56.05	494	63.9F	9.5
56.10	492	63.9F	9.5
56.15	492	63.9F	9.5
56.20	489	63.9F	9.5
56.25	486	63.9F	9.5
56.30	486	63.9F	9.5
56.35	483	63.9F	9.5
56.40	483	63.9F	9.5
56.45	481	63.9F	9.5
56.50	482	63.9F	9.5
56.55	478	63.9F	9.5
56.60	478	63.9F	9.5
56.65	476	63.9F	9.5
56.70	476	63.9F	9.5
56.75	472	63.9F	9.5
56.80	474	63.9F	9.5
56.85	472	63.9F	9.5
56.90	471	63.9F	9.5
56.95	470	63.9F	9.5
57.00	470	63.9F	9.5
57.05	468	63.9F	9.5
57.10	467	63.9F	9.5
57.15	465	63.9F	9.5
57.20	465	63.9F	9.5
57.25	464	63.9F	9.5
57.30	463	63.9F	9.5
57.35	462	63.9F	9.5
57.40	458	63.9F	9.5
57.45	458	63.9F	9.5
57.50	457	63.9F	9.5
57.55	455	63.9F	9.5
57.60	453	63.9F	9.5
57.65	452	63.9F	9.5
57.70	449	63.9F	9.5
57.75	450	63.9F	9.5
57.80	449	63.9F	9.5
57.85	449	63.9F	9.5
57.90	447	63.9F	9.5
57.95	445	63.9F	9.5
58.00	444	63.9F	9.5
58.05	443	63.9F	9.5
58.10	444	63.9F	9.5
58.15	442	63.9F	9.5
58.20	440	63.9F	9.5
58.25	438	63.9F	9.5
58.30	435	63.9F	9.5
58.35	435	63.9F	9.5
58.40	435	63.9F	9.5
58.45	433	63.9F	9.5
58.50	435	63.9F	9.5
58.55	432	63.9F	9.5
58.60	433	63.9F	9.5
58.65	430	63.9F	9.5
58.70	428	63.9F	9.5
58.75	428	63.9F	9.5
58.80	425	63.9F	9.5
58.85	425	63.9F	9.5
58.90	423	63.9F	9.5
58.95	423	63.9F	9.5
59.00	419	63.9F	9.5
59.05	418	63.9F	9.5
59.10	419	63.9F	9.5
59.15	416	63.9F	9.5
59.20	416	63.9F	9.5
59.25	416	63.9F	9.5
59.30	414	63.9F	9.5
59.35	413	63.9F	9.5
59.40	410	63.9F	9.5
59.45	409	63.9F	9.5
59.50	409	63.9F	9.5
59.55	408	63.9F	9.5
59.60	408	63.9F	9.5
59.65	409	63.9F	9.5
59.70	408	63.9F	9.5
59.75	406	63.9F	9.5
59.80	404	64.0F	9.5
59.85	400	63.9F	9.5
59.90	401	63.9F	9.5
59.95	399	64.0F	9.5
60.00	398	63.9F	9.5
60.05	396	64.0F	9.5
60.10	395	63.9F	9.5
60.15	393	63.9F	9.5
60.20	389	64.0F	9.5
60.25	390	63.9F	9.5
60.30	389	63.9F	9.5
60.35	388	63.9F	9.5
60.40	386	63.9F	9.5
60.45	384	63.9F	9.5
60.50	384	63.9F	9.5
60.55	383	63.9F	9.5
60.60	382	63.9F	9.5
60.65	379	63.9F	9.5
60.70	380	63.9F	9.5
60.75	377	63.9F	9.5
60.80	375	63.9F	9.5
60.85	375	63.9F	9.5
60.90	373	63.9F	9.5
60.95	373	63.9F	9.5
61.00	373	63.9F	9.5
61.05	370	63.9F	9.5
61.10	368	63.9F	9.5
61.15	369	63.9F	9.5
61.20	368	63.9F	9.5
61.25	366	63.9F	9.5
61.30	363	63.9F	9.5
61.35	362	63.9F	9.5
61.40	361	63.9F	9.5
61.45	361	63.9F	9.5
61.50	357	63.9F	9.5
61.55	358	63.9F	9.5
61.60	356	63.9F	9.5
61.65	353	63.9F	9.5
61.70	353	63.9F	9.5
61.75	352	63.9F	9.5
61.80	351	63.9F	9.5
61.85	349	63.9F	9.5
61.90	347	63.9F	9.5
61.95	346	63.9F	9.5
62.00	343	63.9F	9.5
62.05	343	63.9F	9.5
62.10	342	63.9F	9.5
62.15	340	63.9F	9.5
62.20	339	63.9F	9.5
62.25	338	63.9F	9.5
62.30	336	63.9F	9.5
62.35	334	63.9F	9.5
62.40	331	64.0F	9.5
62.45	331	63.9F	9.5
62.50	329	63.9F	9.5
62.55	326	63.9F	9.5
62.60	326	63.9F	9.5
62.65	325	63.9F	9.5
62.70	323	64.0F	9.5
62.75	321	63.9F	9.5
62.80	321	63.9F	9.5
62.85	318	63.9F	9.5
62.90	317	64.0F	9.5
62.95	316	63.9F	9.5
63.00	315	63.9F	9.5
63.05	314	63.9F	9.5
63.10	311	63.9F	9.5
63.15	310	64.0F	9.5
63.20	310	63.9F	9.5
63.25	307	64.0F	9.5
63.30	305	64.0F	9.5
63.35	305	63.9F	9.5
63.40	302	64.0F	9.5
63.45	302	64.0F	9.5
63.50	300	64.0F	9.5
63.55	299	64.0F	9.5
63.60	298	64.0F	9.5
63.65	295	64.0F	9.5
63.70	294	64.0F	9.5
63.75	291	64.0F	9.5
63.80	290	64.0F	9.5
63.85	289	64.0F	9.5
63.90	288	64.0F	9.5
63.95	287	64.0F	9.5
64.00	285	64.0F	9.5
64.05	285	64.0F	9.5
64.10	283	64.0F	9.5
64.15	283	64.0F	9.5
64.20	283	64.0F	9.5
64.25	280	64.0F	9.5
64.30	278	64.0F	9.5
64.35	279	64.0F	9.5
64.40	277	64.0F	9.5
64.45	275	64.0F	9.5
64.50	274	64.0F	9.5
64.55	271	64.0F	9.5
64.60	269	64.0F	9.5
64.65	270	64.0F	9.5
64.70	268	64.0F	9.5
64.75	265	64.0F	9.5
64.80	263	64.0F	9.5
64.85	260	64.0F	9.5
64.90	258	64.0F	9.5
64.95	259	64.0F	9.5
65.00	256	64.0F	9.5
65.05	254	64.0F	9.5
65.10	252	64.0F	9.5
65.15	251	64.0F	9.5
65.20	251	64.0F	9.5
65.25	249	64.0F	9.5
65.30	248	64.0F	9.5
65.35	246	64.0F	9.5
65.40	243	64.0F	9.5
65.45	243	64.0F	9.5
65.50	244	64.0F	9.5
65.55	241	64.0F	9.5
65.60	239	64.0F	9.5
65.65	236	64.0F	9.5
65.70	233	64.0F	9.5
65.75	232	64.0F	9.5
65.80	231	64.0F	9.5
65.85	230	64.0F	9.5
65.90	228	64.0F	9.5
65.95	227	64.0F	9.5
66.00	226	64.0F	9.5
66.05	223	64.0F	9.5
66.10	223	64.0F	9.5
66.15	222	64.0F	9.5
66.20	219	64.0F	9.5
66.25	218	64.0F	9.5
66.30	217	64.0F	9.5
66.35	215	64.0F	9.5
66.40	214	64.0F	9.5
66.45	213	64.0F	9.5
66.50	211	64.0F	9.5
66.55	210	64.0F	9.5
66.60	209	64.0F	9.5
66.65	207	64.0F	9.5
66.70	207	64.0F	9.5
66.75	204	64.0F	9.5
66.80	203	64.0F	9.5
66.85	201	64.0F	9.5
66.90	201	64.0F	9.5
66.95	199	64.0F	9.5
67.00	197	64.0F	9.5
67.05	197	64.0F	9.5
67.10	195	64.0F	9.5
67.15	194	64.0F	9.5
67.20	192	64.0F	9.5
67.25	191	64.0F	9.5
67.30	189	64.0F	9.5
67.35	188	64.0F	9.5
67.40	188	64.0F	9.5
67.45	187	64.0F	9.5
67.50	185	64.0F	9.5
67.55	184	64.0F	9.5
67.60	182	64.0F	9.5
67.65	182	64.0F	9.5
67.70	180	64.0F	9.5
67.75	179	64.0F	9.5
67.80	177	64.0F	9.5
67.85	176	64.0F	9.5
67.90	174	64.0F	9.5
67.95	173	64.0F	9.5
68.00	170	64.0F	9.5
68.05	169	64.0F	9.5
68.10	168	64.0F	9.5
68.15	167	64.0F	9.5
68.20	166	64.0F	9.5
68.25	165	64.0F	9.5
68.30	162	64.0F	9.5
68.35	162	64.0F	9.5
68.40	160	64.0F	9.5
68.45	158	64.0F	9.5
68.50	156	64.0F	9.5
68.55	155	64.0F	9.5
68.60	154	64.0F	9.5
68.65	153	64.0F	9.5
68.70	151	64.0F	9.5
68.75	151	64.0F	9.5
68.80	149	64.0F	9.5
68.85	145	64.0F	9.5
68.90	146	64.0F	9.5
68.95	144	64.0F	9.5
69.00	144	64.0F	9.5
69.05	142	64.0F	9.5
69.10	138	64.0F	9.5
69.15	138	64.0F	9.5
69.20	136	64.0F	9.5
69.25	133	64.0F	9.5
69.30	133	64.0F	9.5
69.35	131	64.0F	9.5
69.40	129	64.0F	9.5
69.45	127	64.0F	9.5
69.50	126	64.0F	9.5
69.55	124	64.0F	9.5
69.60	122	64.0F	9.5
69.65	120	64.0F	9.5
69.70	118	64.0F	9.5
69.75	118	64.0F	9.5
69.80	116	64.0F	9.5
69.85	116	64.0F	9.5
69.90	114	64.0F	9.5
69.95	113	64.0F	9.5
70.00	112	64.0F	9.5
70.05	112	64.0F	9.5
70.10	111	64.0F	9.5
70.15	108	64.0F	9.5
70.20	106	64.0F	9.5
70.25	105	64.0F	9.5
70.30	104	64.0F	9.5
70.35	104	64.0F	9.5
70.40	102	64.0F	9.5
70.45	103	64.0F	9.5
70.50	100	64.0F	9.5
70.55	98	64.0F	9.5
70.60	96	64.0F	9.5
70.65	94	64.0F	9.5
70.70	93	64.0F	9.5
70.75	89	64.0F	9.5
70.80	88	64.0F	9.5
70.85	88	64.0F	9.5
70.90	87	64.0F	9.5
70.95	86	64.0F	9.5
71.00	85	64.0F	9.5
71.05	84	64.0F	9.5
71.10	82	64.0F	9.5
71.15	81	64.0F	9.5
71.20	78	64.0F	9.5
71.25	77	64.0F	9.5
71.30	76	64.0F	9.5
71.35	74	64.0F	9.5
71.40	73	64.0F	9.5
71.45	72	64.0F	9.5
71.50	71	64.0F	9.5
71.55	70	64.0F	9.5
71.60	68	64.0F	9.5
71.65	64	64.0F	9.5
71.70	65	64.0F	9.5
71.75	63	64.0F	9.5
71.80	62	64.0F	9.5
71.85	61	64.0F	9.5
71.90	58	64.0F	9.5
71.95	59	64.0F	9.5
72.00	59	64.0F	9.5
72.05	56	64.0F	9.5
72.10	54	64.0F	9.5
72.15	53	64.0F	9.5
72.20	53	64.0F	9.5
72.25	48	64.0F	9.5
72.30	49	64.0F	9.5
72.35	46	64.0F	9.5
72.40	46	64.0F	9.5
72.45	44	64.0F	9.5
72.50	43	64.0F	9.5
72.55	43	64.0F	9.5
72.60	42	64.0F	9.5
72.65	39	64.0F	9.5
72.70	37	64.0F	9.5
72.75	36	64.0F	9.5
72.80	34	64.0F	9.5
72.85	36	64.0F	9.5
72.90	32	64.0F	9.5
72.95	29	64.0F	9.5
73.00	29	64.0F	9.5
73.05	27	64.0F	9.5
73.10	25	64.0F	9.5
73.15	23	64.0F	9.5
73.20	21	64.0F	9.5
73.25	21	64.0F	9.5
73.30	21	64.0F	9.5
73.35	20	64.0F	9.5
73.40	20	64.0F	9.5
73.45	19	64.0F	9.5
73.50	17	64.0F	9.5
73.55	15	64.0F	9.5
73.60	15	64.0F	9.5
73.65	13	64.0F	9.5
73.70	10	64.0F	9.5
73.75	8	64.0F	9.5
73.80	8	64.0F	9.5
73.85	5	64.0F	9.5
73.90	5	64.0F	9.5
73.95	3	64.0F	9.5
74.00	1	64.0F	9.5
74.05	1	64.0F	9.5
74.10	0	64.0F	9.5
74.15	-2	64.1F	9.5
74.20	-3	64.0F	9.5
74.25	-6	64.1F	9.5
74.30	-7	64.1F	9.5
74.35	-7	64.1F	9.5
74.40	-8	64.1F	9.5
74.45	-10	64.1F	9.5
74.50	-12	64.1F	9.5
74.55	-15	64.0F	9.5
74.60	-18	64.1F	9.5
74.65	-13	64.1F	9.5
74.70	-13	64.1F	9.5
74.75	-13	64.1F	9.5
74.80	-15	64.1F	9.5
74.85	-13	64.1F	9.5
74.90	-13	64.1F	9.5
74.95	-14	64.1F	9.5
75.00	-14	64.1F	9.5
75.05	-13	64.1F	9.5
75.10	-13	64.1F	9.5
75.15	-13	64.1F	9.5
75.20	-13	64.1F	9.5
75.25	-15	64.1F	9.5
75.30	-15	64.1F	9.5
75.35	-15	64.1F	9.5
75.40	-13	64.1F	9.5
75.45	-13	64.1F	9.5
75.50	-13	64.1F	9.5
75.55	-13	64.1F	9.5
75.60	-13	64.1F	9.5
75.65	-14	64.1F	9.5
75.70	-13	64.1F	9.5
75.75	-13	64.1F	9.5
75.80	-13	64.1F	9.5
75.85	-14	64.1F	9.5
75.90	-13	64.1F	9.5
75.95	-14	64.1F	9.5
76.00	-15	64.1F	9.5
76.05	-14	64.1F	9.5
76.10	-13	64.1F	9.5
76.15	-13	64.1F	9.5
76.20	-13	64.1F	9.5
76.25	-13	64.1F	9.5
76.30	-12	64.1F	9.5
76.35	-13	64.1F	9.5
76.40	-13	64.1F	9.5
76.45	-13	64.1F	9.5
76.50	-13	64.1F	9.5
76.55	-14	64.1F	9.5
76.60	-13	64.1F	9.5
76.65	-14	64.1F	9.5
76.70	-13	64.1F	9.5
76.75	-14	64.1F	9.5
76.80	-13	64.1F	9.5
76.85	-14	64.1F	9.5
76.90	-13	64.1F	9.5
76.95	-14	64.1F	9.5
77.00	-14	64.1F	9.5
77.05	-13	64.1F	9.5
77.10	-14	64.1F	9.5
77.15	-13	64.1F	9.5
77.20	-13	64.1F	9.5
77.25	-15	64.1F	9.5
77.30	-14	64.1F	9.5
77.35	-15	64.1F	9.5
77.40	-14	64.1F	9.5
77.45	-14	64.1F	9.5
77.50	-14	64.1F	9.5
77.55	-14	64.1F	9.5
77.60	-14	64.1F	9.5
77.65	-14	64.1F	9.5
77.70	-14	64.1F	9.5
77.75	-13	64.1F	9.5
77.80	-15	64.1F	9.5
77.85	-15	64.1F	9.5
77.90	-13	64.1F	9.5
77.95	-13	64.1F	9.5
78.00	-14	64.1F	9.5
78.05	-15	64.1F	9.5
78.10	-13	64.1F	9.5
78.15	-14	64.1F	9.5
78.20	-14	64.1F	9.5
78.25	-14	64.1F	9.5
78.30	-13	64.0F	9.5
78.35	-13	64.1F	9.5
78.40	-14	64.1F	9.5
78.45	-14	64.1F	9.5
78.50	-13	64.1F	9.5
78.55	-13	64.1F	9.5
78.60	-14	64.1F	9.5
78.65	-14	64.1F	9.5
78.70	-14	64.1F	9.5
78.75	-14	64.1F	9.5
78.80	-14	64.1F	9.5
78.85	-13	64.0F	9.5
78.90	-13	64.1F	9.5
78.95	-14	64.1F	9.5
79.00	-14	64.1F	9.5
79.05	-13	64.0F	9.5
79.10	-15	64.1F	9.5
79.15	-13	64.1F	9.5
79.20	-14	64.0F	9.5
79.25	-14	64.1F	9.5
79.30	-13	64.0F	9.5
79.35	-13	64.0F	9.5
79.40	-14	64.0F	9.5
79.45	-15	64.0F	9.5
79.50	-13	64.0F	9.5
79.55	-13	64.0F	9.5
79.60	-13	64.0F	9.5
79.65	-14	64.1F	9.5
79.70	-14	64.0F	9.5
79.75	-14	64.0F	9.5
79.80	-13	64.0F	9.5
79.85	-13	64.0F	9.5
79.90	-14	64.0F	9.5
79.95	-13	64.0F	9.5
80.00	-13	64.0F	9.5
80.05	-13	64.0F	9.5
80.10	-13	64.1F	9.5
80.15	-14	64.0F	9.5
80.20	-13	64.0F	9.5
80.25	-13	64.0F	9.5
80.30	-14	64.0F	9.5
80.35	-13	64.0F	9.5
80.40	-14	64.0F	9.5
80.45	-13	64.0F	9.5
80.50	-15	64.0F	9.5
80.55	-14	64.0F	9.5
80.60	-14	64.0F	9.5
80.65	-13	64.0F	9.5
80.70	-13	64.0F	9.5
80.75	-13	64.0F	9.5
80.80	-14	64.0F	9.5
80.85	-14	64.0F	9.5
80.90	-14	64.0F	9.5
80.95	-13	64.0F	9.5
81.00	-13	64.0F	9.5
81.05	-13	64.0F	9.5
81.10	-14	64.0F	9.5
81.15	-14	64.0F	9.5
81.20	-15	64.0F	9.5
81.25	-14	64.0F	9.5
81.30	-14	64.0F	9.5
81.35	-14	64.0F	9.5
81.40	-13	64.0F	9.5
81.45	-15	64.0F	9.5
81.50	-15	64.0F	9.5
81.55	-13	64.0F	9.5
81.60	-13	64.0F	9.5
81.65	-14	64.0F	9.5
81.70	-13	64.0F	9.5
81.75	-13	64.0F	9.5
81.80	-14	64.0F	9.5
81.85	-13	64.0F	9.5
81.90	-13	64.0F	9.5
81.95	-14	64.0F	9.5
82.00	-14	64.0F	9.5
82.05	-13	64.0F	9.5
82.10	-13	64.0F	9.5
82.15	-15	64.0F	9.5
82.20	-15	64.0F	9.5
82.25	-14	64.0F	9.5
82.30	-13	64.0F	9.5
82.35	-13	64.0F	9.5
82.40	-13	64.0F	9.5
82.45	-13	64.0F	9.5
82.50	-14	64.0F	9.5
82.55	-14	64.0F	9.5
82.60	-14	64.0F	9.5
82.65	-14	64.0F	9.5
82.70	-14	64.0F	9.5
82.75	-14	64.0F	9.5
82.80	-13	64.0F	9.5
82.85	-13	64.0F	9.5
82.90	-12	64.0F	9.5
82.95	-12	64.0F	9.5
83.00	-13	64.0F	9.5
83.05	-14	64.0F	9.5
83.10	-14	64.0F	9.5
83.15	-13	64.0F	9.5
83.20	-13	64.0F	9.5
83.25	-14	64.0F	9.5
83.30	-14	64.0F	9.5
83.35	-15	64.0F	9.5
83.40	-14	64.0F	9.5
83.45	-14	64.0F	9.5
83.50	-15	64.0F	9.5
83.55	-13	64.0F	9.5
83.60	-13	64.0F	9.5
83.65	-13	64.0F	9.5
83.70	-15	64.0F	9.5
83.75	-14	64.0F	9.5
83.80	-14	64.0F	9.5
83.85	-13	64.0F	9.5
83.90	-14	64.0F	9.5
83.95	-14	64.0F	9.5